! EM field energy per field component
  Iter        Time                          B1                      B2                      B3                      E1                      E2                      E3
     0   0.0000000      0.0000000000000000E+00  0.0000000000000000E+00  0.0000000000000000E+00  0.0000000000000000E+00  0.0000000000000000E+00  0.0000000000000000E+00
    20  0.20000000      0.0000000000000000E+00  1.5216661128323250E-10  9.5942500707257185E-11  1.0505145136106748E-09  1.7492079265857646E-10  1.3320191573963767E-10
    40  0.40000000      0.0000000000000000E+00  3.1091748073630509E-10  3.0979259127861927E-10  3.1605324807108086E-09  3.6805922271556654E-10  2.2441239233352606E-10
    60  0.60000000      0.0000000000000000E+00  3.7040699707639469E-10  3.6800006796344279E-10  5.3632830105016525E-09  6.2530410544483849E-10  2.7803005499935269E-10
    80  0.80000000      0.0000000000000000E+00  4.5052578892592759E-10  3.6248630773364538E-10  7.0890840934440768E-09  9.1079063060919467E-10  3.8084291879042561E-10
   100   1.0000000      0.0000000000000000E+00  4.6569001164354265E-10  5.2468916737706001E-10  9.0749268739757300E-09  1.0427862770167947E-09  4.3771670877161352E-10
   120   1.2000000      0.0000000000000000E+00  3.9160138217762738E-10  6.7079418492319467E-10  1.3600465450697617E-08  1.1897975444966233E-09  5.1281844724098913E-10
   140   1.4000000      0.0000000000000000E+00  4.2893931946577682E-10  8.1101569010642753E-10  2.4380490524742358E-08  1.2595187049006150E-09  5.2612905006153627E-10
   160   1.6000000      0.0000000000000000E+00  4.9839630605585494E-10  8.1543261016486463E-10  4.7510617831239636E-08  1.2852347817347035E-09  4.8456301989720207E-10
   180   1.8000000      0.0000000000000000E+00  3.7466125179035004E-10  5.6110455633073062E-10  9.3119672258312773E-08  1.4017620107435464E-09  5.8980375945197337E-10
   200   2.0000000      0.0000000000000000E+00  3.8844048757341487E-10  4.3623042280999397E-10  1.7412007472625876E-07  1.2585577132912966E-09  5.3994816535015628E-10
   220   2.2000000      0.0000000000000000E+00  4.6046673471367763E-10  2.7270034240368715E-10  3.0198666702592545E-07  1.0503191220978950E-09  4.1217456792331522E-10
   240   2.4000000      0.0000000000000000E+00  4.8473700360991959E-10  2.0598457333778444E-10  4.8664582218878143E-07  7.6250726849301199E-10  3.2785828169941929E-10
   260   2.6000000      0.0000000000000000E+00  4.2260292990850735E-10  2.2638240915944688E-10  7.3442246387758825E-07  4.2425943879232921E-10  2.2131268783889012E-10
   280   2.8000000      0.0000000000000000E+00  2.4661850095204591E-10  1.5136727092674481E-10  1.0460285279541136E-06  2.4072421727370380E-10  1.4722740502980853E-10
   300   3.0000000      0.0000000000000000E+00  1.6157549801424498E-10  1.4333695921053559E-10  1.4160974295760459E-06  1.1194058831375083E-10  9.3980105058280843E-11
   320   3.2000000      0.0000000000000000E+00  2.4763065117955294E-10  1.7415233282247485E-10  1.8326469928566375E-06  1.6114129211417010E-10  8.1444108836119189E-11
   340   3.4000000      0.0000000000000000E+00  3.0846741404950747E-10  2.4126719129612184E-10  2.2788675662916743E-06  3.5858805930888950E-10  1.9991122879673664E-10
   360   3.6000000      0.0000000000000000E+00  6.1477284440621036E-10  4.8604952886791158E-10  2.7364276571952407E-06  4.5895548807825342E-10  2.4113304816859360E-10
   380   3.8000000      0.0000000000000000E+00  7.8766621315331579E-10  6.2104210730922381E-10  3.1878976419999857E-06  6.5271074927005183E-10  2.6656863799001220E-10
   400   4.0000000      0.0000000000000000E+00  7.5506646267191819E-10  8.3353800179923651E-10  3.6172121049609192E-06  8.0103222664278221E-10  3.5711944131454529E-10
   420   4.2000000      0.0000000000000000E+00  6.6396547313599775E-10  9.2329284830871302E-10  4.0086747593398151E-06  9.7424494990866009E-10  4.4080663034783925E-10
   440   4.4000000      0.0000000000000000E+00  6.2700761576305862E-10  8.1062623235571007E-10  4.3479341540690632E-06  1.2157147452685978E-09  4.9363763921442274E-10
   460   4.6000000      0.0000000000000000E+00  4.5443341179819986E-10  6.7832908590790169E-10  4.6206293772830170E-06  1.3478822586034325E-09  5.3431933949418891E-10
   480   4.8000000      0.0000000000000000E+00  4.0184405173096288E-10  4.8426186979069714E-10  4.8156643665266275E-06  1.4750816530132464E-09  5.9242987014119956E-10
   500   5.0000000      0.0000000000000000E+00  5.0515896362769059E-10  4.1159546096206238E-10  4.9261778339933366E-06  1.4096765600124780E-09  5.8860255516338794E-10
   520   5.2000000      0.0000000000000000E+00  5.5043569383400907E-10  4.1786216327631734E-10  4.9491572828356156E-06  1.1375807777691889E-09  4.7865410216384189E-10
   540   5.4000000      0.0000000000000000E+00  5.2837710755694237E-10  3.0831625910029396E-10  4.8874002672232146E-06  8.8705110327176298E-10  3.5157976420623472E-10
   560   5.6000000      0.0000000000000000E+00  4.5512228134808866E-10  2.5458100454883459E-10  4.7514615858060917E-06  5.6752072265985626E-10  2.6829437201507638E-10
   580   5.8000000      0.0000000000000000E+00  2.9664328001875544E-10  2.1264253027507411E-10  4.5575690647360147E-06  3.8547298079572707E-10  2.2165590136825331E-10
   600   6.0000000      0.0000000000000000E+00  2.8813078257377726E-10  2.5203382695537849E-10  4.3280371036220935E-06  3.0252595697647167E-10  1.4771418576372418E-10
   620   6.2000000      0.0000000000000000E+00  3.6660326917048802E-10  4.1209479684387423E-10  4.0899954897885079E-06  2.2607063310299365E-10  1.1182616928940783E-10
   640   6.4000000      0.0000000000000000E+00  4.4131932952481291E-10  5.3158348458758672E-10  3.8716387658681421E-06  3.1097224743983967E-10  1.8923119562878139E-10
   660   6.6000000      0.0000000000000000E+00  6.4658130551866807E-10  7.7157509786671012E-10  3.6981721767941538E-06  3.0565498327438823E-10  1.7227559930055183E-10
   680   6.8000000      0.0000000000000000E+00  8.1314775477480696E-10  1.0290541357972944E-09  3.5875250775536408E-06  3.7465699712670253E-10  1.7934587502438498E-10
   700   7.0000000      0.0000000000000000E+00  9.0284897570244552E-10  1.1199041027780500E-09  3.5466599625890535E-06  5.9177202081918283E-10  2.5768870999321553E-10
   720   7.2000000      0.0000000000000000E+00  7.9738434481823017E-10  1.0931914977664516E-09  3.5696469076334871E-06  8.0798890290371443E-10  3.6524857804587094E-10
   740   7.4000000      0.0000000000000000E+00  5.8998307637720662E-10  8.7159415871228824E-10  3.6378058775026198E-06  1.1469371979161884E-09  4.9463445685407868E-10
   760   7.6000000      0.0000000000000000E+00  4.9170565411979601E-10  6.6462398211701510E-10  3.7248471330585555E-06  1.3668350961893505E-09  5.4414055823360756E-10
   780   7.8000000      0.0000000000000000E+00  4.5818573729060510E-10  5.0319743288955840E-10  3.8030404166909814E-06  1.4292918262101401E-09  5.6866473011559524E-10
   800   8.0000000      0.0000000000000000E+00  4.1363099217655659E-10  3.5272041394578135E-10  3.8473193517624787E-06  1.4488184482033851E-09  6.2757199148654087E-10
   820   8.2000000      0.0000000000000000E+00  5.2929710337801302E-10  4.1233679303829903E-10  3.8404505389081657E-06  1.1937203574175469E-09  4.9360270035806422E-10
   840   8.4000000      0.0000000000000000E+00  5.6737647668676951E-10  3.5018994653075585E-10  3.7762601489559826E-06  9.9513883903617322E-10  3.9889897703914644E-10
   860   8.6000000      0.0000000000000000E+00  5.3170031654891792E-10  3.0282243601546231E-10  3.6610249631320480E-06  8.2169868702303159E-10  3.5816857681733362E-10
   880   8.8000000      0.0000000000000000E+00  4.7040139849634269E-10  3.9698653224522372E-10  3.5118787461156344E-06  6.1221454862009834E-10  2.8467175060918497E-10
   900   9.0000000      0.0000000000000000E+00  3.6870074551619062E-10  4.0472574423266474E-10  3.3526796813080159E-06  5.1714406405045347E-10  2.3010969554350371E-10
   920   9.2000000      0.0000000000000000E+00  4.4135329929523757E-10  5.9984731039663131E-10  3.2093179580443431E-06  3.3531589786124054E-10  1.5052308381474317E-10
   940   9.4000000      0.0000000000000000E+00  5.6655709030877558E-10  8.9645314552840700E-10  3.1032099648463142E-06  1.9789788469002642E-10  1.1371056560747494E-10
   960   9.6000000      0.0000000000000000E+00  6.7161057666514094E-10  1.0656123024581075E-09  3.0476204446347799E-06  1.9201154650713864E-10  1.6112188259593164E-10
   980   9.8000000      0.0000000000000000E+00  9.0259324520300446E-10  1.3057797192864335E-09  3.0455070123619007E-06  1.6430786783890754E-10  1.0162521181815418E-10
  1000   10.000000      0.0000000000000000E+00  8.8791550089752879E-10  1.2452510570141429E-09  3.0883188294662033E-06  4.1550455964232577E-10  1.8212436078520029E-10
  1020   10.200000      0.0000000000000000E+00  7.0960858407018374E-10  1.0221749622785207E-09  3.1585250182281198E-06  7.2288876327903838E-10  3.4304830008799402E-10
  1040   10.400000      0.0000000000000000E+00  5.3604875534358008E-10  8.1931094742910149E-10  3.2340485243396222E-06  1.0124124127686097E-09  4.4063652183929575E-10
  1060   10.600000      0.0000000000000000E+00  3.6965022029164249E-10  6.0745417845463710E-10  3.2919992139036567E-06  1.2788911202985311E-09  5.1488338309448779E-10
  1080   10.800000      0.0000000000000000E+00  4.0553419147293844E-10  4.7362849786754429E-10  3.3140494861581954E-06  1.3372320736182849E-09  5.4879813408045844E-10
  1100   11.000000      0.0000000000000000E+00  4.2681528973035989E-10  3.1399880424005883E-10  3.2898047992598294E-06  1.3490740901931655E-09  5.5930355269102266E-10
  1120   11.200000      0.0000000000000000E+00  3.7449944138493660E-10  3.1296017570229436E-10  3.2202274023643764E-06  1.2896219982505320E-09  5.4647542486940653E-10
  1140   11.400000      0.0000000000000000E+00  4.3448421336264172E-10  3.7892010233380278E-10  3.1159464606738482E-06  1.1289816177275282E-09  4.5320199253950856E-10
  1160   11.600000      0.0000000000000000E+00  5.2443534252573471E-10  3.1422249901367604E-10  2.9944130080615601E-06  1.0772892204559527E-09  4.3076947433337989E-10
  1180   11.800000      0.0000000000000000E+00  4.8677533409844897E-10  4.7394997290395183E-10  2.8768705537729224E-06  8.8811944642190780E-10  4.0225962166394223E-10
  1200   12.000000      0.0000000000000000E+00  4.2297268930052426E-10  7.1616070672186617E-10  2.7826389182368217E-06  6.7186756618156225E-10  3.0124550030920986E-10
  1220   12.200000      0.0000000000000000E+00  5.1650568878421794E-10  9.8228501032027754E-10  2.7257531970165084E-06  4.2792341918620378E-10  1.7813831759661257E-10
  1240   12.400000      0.0000000000000000E+00  5.6890975809189091E-10  1.2166438867049825E-09  2.7118394414909999E-06  1.5231896860506475E-10  1.0894774853460886E-10
  1260   12.600000      0.0000000000000000E+00  6.2992684051017874E-10  1.2906069602916011E-09  2.7373961796897779E-06  8.3540673343633481E-11  9.0857846032183421E-11
  1280   12.800000      0.0000000000000000E+00  7.2166439147425162E-10  1.2721189839908614E-09  2.7907347471653177E-06  1.1431580186850600E-10  8.1431388400931493E-11
  1300   13.000000      0.0000000000000000E+00  6.6855797712990425E-10  1.1056809130878271E-09  2.8534259594476293E-06  3.0728041353283309E-10  1.5754747637409763E-10
  1320   13.200000      0.0000000000000000E+00  5.3607309691436542E-10  8.0642274942979518E-10  2.9058496150674821E-06  6.4729448789593892E-10  2.9529364599022983E-10
  1340   13.400000      0.0000000000000000E+00  3.9100320961783596E-10  6.5888880144020315E-10  2.9314803631498086E-06  8.5105841492052710E-10  3.9994758163400490E-10
  1360   13.600000      0.0000000000000000E+00  2.7629695569630828E-10  4.7593757021026874E-10  2.9207329321554850E-06  1.0657012628451138E-09  4.5853843318562829E-10
  1380   13.800000      0.0000000000000000E+00  2.9650093703842758E-10  3.1269998411549846E-10  2.8722476897332412E-06  1.1784929845538282E-09  4.6420537395991480E-10
  1400   14.000000      0.0000000000000000E+00  3.2512525028155871E-10  2.2299476667053796E-10  2.7925579198828291E-06  1.2435567295662944E-09  5.1690053833106941E-10
  1420   14.200000      0.0000000000000000E+00  2.7443444285897802E-10  2.0682390829562646E-10  2.6956767934541209E-06  1.3524602136550729E-09  5.6408414594735500E-10
  1440   14.400000      0.0000000000000000E+00  2.2924227258960172E-10  3.9041289980944550E-10  2.5986499694150617E-06  1.3046836068212814E-09  4.9912152399740922E-10
  1460   14.600000      0.0000000000000000E+00  2.4940251208655844E-10  4.6468164737363486E-10  2.5186510542550673E-06  1.2668880555310637E-09  5.2157064717601479E-10
  1480   14.800000      0.0000000000000000E+00  3.6903409290449178E-10  5.7240355233653491E-10  2.4696918853908315E-06  1.1093408587227156E-09  4.8246772292543804E-10
  1500   15.000000      0.0000000000000000E+00  4.6074244521579879E-10  8.3133344332686519E-10  2.4579355047960821E-06  7.5842847181735638E-10  3.5039914162996725E-10
  1520   15.200000      0.0000000000000000E+00  5.1912864719161246E-10  1.0899328761598068E-09  2.4806865268537400E-06  4.9126060804080229E-10  2.3488346986253615E-10
  1540   15.400000      0.0000000000000000E+00  5.7431095825642010E-10  1.3047340283121155E-09  2.5281358326417396E-06  2.1540258699805385E-10  1.1061355494080404E-10
  1560   15.600000      0.0000000000000000E+00  5.3481350357205593E-10  1.2392196735561543E-09  2.5839339042714394E-06  1.1625120932053718E-10  9.8859481509524490E-11
  1580   15.800000      0.0000000000000000E+00  4.3174298896198463E-10  9.6832769297730401E-10  2.6294287165602362E-06  1.9840488876975992E-10  1.3326709253520855E-10
  1600   16.000000      0.0000000000000000E+00  4.2466373161844885E-10  7.3261130651444904E-10  2.6476449297226950E-06  2.6513483931540635E-10  9.9570232510313585E-11
  1620   16.200000      0.0000000000000000E+00  2.7610233857322562E-10  4.7053887632372634E-10  2.6275752623658415E-06  5.0742458582556187E-10  2.5017400794388532E-10
  1640   16.400000      0.0000000000000000E+00  2.6112381734680964E-10  3.6202326173576309E-10  2.5670329464755950E-06  6.6568630152407083E-10  3.2967551754640311E-10
  1660   16.600000      0.0000000000000000E+00  3.2128981866213385E-10  3.2056887490779254E-10  2.4721486863933056E-06  7.7679032632665373E-10  3.3628010400260211E-10
  1680   16.800000      0.0000000000000000E+00  3.0470976495154041E-10  1.7066989367367334E-10  2.3578028042321613E-06  1.0080715951643812E-09  4.2046453304632420E-10
  1700   17.000000      0.0000000000000000E+00  3.0946924902738169E-10  1.4180458760032960E-10  2.2430151555520630E-06  1.1558445582298000E-09  4.7314292006875997E-10
  1720   17.200000      0.0000000000000000E+00  2.2378975983373846E-10  1.6168511220541253E-10  2.1450302373716599E-06  1.3581229443082241E-09  5.6202794370228288E-10
  1740   17.400000      0.0000000000000000E+00  1.5167328472776789E-10  3.5543602829022896E-10  2.0792564512417413E-06  1.4550406421984983E-09  6.0581186322167080E-10
  1760   17.600000      0.0000000000000000E+00  2.5190860555780837E-10  6.2615511648851740E-10  2.0547189995404735E-06  1.3404814555700568E-09  5.0779066671976291E-10
  1780   17.800000      0.0000000000000000E+00  2.5971342025107399E-10  6.9560741326385740E-10  2.0717577453928265E-06  1.2241875780252286E-09  5.2815386145107933E-10
  1800   18.000000      0.0000000000000000E+00  4.4836179669405005E-10  8.0657141964198822E-10  2.1221195060895968E-06  8.8367310327386968E-10  4.1585288297186237E-10
  1820   18.200000      0.0000000000000000E+00  6.4148515409547567E-10  9.3024539145474125E-10  2.1917768230750042E-06  5.7120096707397114E-10  2.4038443629037054E-10
  1840   18.400000      0.0000000000000000E+00  5.4795155089165069E-10  9.1777325288628424E-10  2.2631018011598593E-06  4.1475591105022356E-10  1.9574084622159147E-10
  1860   18.600000      0.0000000000000000E+00  4.4698698780939351E-10  8.5100214892043844E-10  2.3173960157403666E-06  2.7210351125091820E-10  1.5688363973075045E-10
  1880   18.800000      0.0000000000000000E+00  3.1040949918094950E-10  6.0012285615772601E-10  2.3402517146700304E-06  2.9290385390075198E-10  1.5444806255431216E-10
  1900   19.000000      0.0000000000000000E+00  1.9789542630184970E-10  4.2459427373670805E-10  2.3246664968452952E-06  2.9402176969219096E-10  1.5511759647994028E-10
  1920   19.200000      0.0000000000000000E+00  2.0276805908522598E-10  3.1117321286364515E-10  2.2723696022240882E-06  3.0678697320718099E-10  1.3233677288985278E-10
  1940   19.400000      0.0000000000000000E+00  1.7114464421020508E-10  1.7135796448859548E-10  2.1927446401572706E-06  4.5196929946374597E-10  2.3812800827203708E-10
  1960   19.600000      0.0000000000000000E+00  2.4210112578496955E-10  2.1534902069116592E-10  2.0995064501922785E-06  5.4045367102539391E-10  2.7107682533401267E-10
  1980   19.800000      0.0000000000000000E+00  3.1987018328378919E-10  1.9064251289412109E-10  2.0092289808572417E-06  7.9060000535384239E-10  3.1089418192464327E-10
  2000   20.000000      0.0000000000000000E+00  2.6954951790746817E-10  1.4678603863128027E-10  1.9379780491741654E-06  1.0994291047088399E-09  4.6492182394662731E-10
  2020   20.200000      0.0000000000000000E+00  2.5114097723076407E-10  2.6548583185026579E-10  1.8949803031845432E-06  1.3173562049272838E-09  5.7473876823301133E-10
  2040   20.400000      0.0000000000000000E+00  1.9050447224115079E-10  4.3320189210370182E-10  1.8828581460084805E-06  1.4746872886197144E-09  5.9878631477024612E-10
  2060   20.600000      0.0000000000000000E+00  2.3800165792908748E-10  7.1748225509630761E-10  1.8973903605452781E-06  1.3895067733192160E-09  5.6169294341448826E-10
  2080   20.800000      0.0000000000000000E+00  3.5124247446400923E-10  8.2868272217858259E-10  1.9290125010864448E-06  1.2364407242339354E-09  5.0854628073223345E-10
  2100   21.000000      0.0000000000000000E+00  3.9614802522576805E-10  7.4006717121290436E-10  1.9647385111634512E-06  1.0374036401860687E-09  4.5110169889485160E-10
  2120   21.200000      0.0000000000000000E+00  5.0084010544981208E-10  6.7924749739615107E-10  1.9901004716616550E-06  7.6416898085499514E-10  3.3051777437037806E-10
  2140   21.400000      0.0000000000000000E+00  4.5895235326150484E-10  5.2828489341147754E-10  1.9941845804958775E-06  6.4817861508877516E-10  2.5448104103244214E-10
  2160   21.600000      0.0000000000000000E+00  3.1379324555947761E-10  5.1805052535422257E-10  1.9719859407398868E-06  5.1175521286549226E-10  2.4707380231668710E-10
  2180   21.800000      0.0000000000000000E+00  2.2750474937265796E-10  4.7649137679111269E-10  1.9239051553654812E-06  3.7586594232426996E-10  2.1466660585494210E-10
  2200   22.000000      0.0000000000000000E+00  1.7416742232555637E-10  3.6615485651528894E-10  1.8569247926763883E-06  2.6988738473113468E-10  1.3174285722901983E-10
  2220   22.200000      0.0000000000000000E+00  1.8181631930857593E-10  3.7219613599552543E-10  1.7828630431279301E-06  1.4287033182278933E-10  8.9015429396632533E-11
  2240   22.400000      0.0000000000000000E+00  1.5734747376942085E-10  3.1311494075113257E-10  1.7145900318434517E-06  2.3916002426831495E-10  1.5674213841284073E-10
  2260   22.600000      0.0000000000000000E+00  2.2032032532871500E-10  3.5032517048443947E-10  1.6640103601783245E-06  3.8659712347197800E-10  2.0236720444404051E-10
  2280   22.800000      0.0000000000000000E+00  3.3864987011942069E-10  3.6046999984106593E-10  1.6386277351090339E-06  6.2405530736341785E-10  2.7010219834611658E-10
  2300   23.000000      0.0000000000000000E+00  2.8115225157214521E-10  2.3043072330879289E-10  1.6402614424334396E-06  1.0046892273974216E-09  4.0278130154266690E-10
  2320   23.200000      0.0000000000000000E+00  2.1912539869370123E-10  3.0478542296401489E-10  1.6643165075016370E-06  1.2224774339390169E-09  5.2366314652789170E-10
  2340   23.400000      0.0000000000000000E+00  3.0097835952555589E-10  4.4719984044596065E-10  1.7030212668597313E-06  1.3610706037939083E-09  5.8288470932881371E-10
  2360   23.600000      0.0000000000000000E+00  4.1562991393155704E-10  6.9522795354025481E-10  1.7448209928302155E-06  1.3576792596401113E-09  5.3900651052378829E-10
  2380   23.800000      0.0000000000000000E+00  3.8540792288847557E-10  8.4221534874175187E-10  1.7764174714756312E-06  1.2364518657313333E-09  4.9722578049602254E-10
  2400   24.000000      0.0000000000000000E+00  3.5141705096946824E-10  6.0393991262813447E-10  1.7867375043107451E-06  1.2151017115438607E-09  5.3120871456378406E-10
  2420   24.200000      0.0000000000000000E+00  4.8761527924278003E-10  3.8957890619723743E-10  1.7697325778061057E-06  1.0359060885533382E-09  4.2689301197682604E-10
  2440   24.400000      0.0000000000000000E+00  3.6053012367638765E-10  2.8022882109358487E-10  1.7258019102351844E-06  8.7732882044525408E-10  3.5445464905613924E-10
  2460   24.600000      0.0000000000000000E+00  2.6855100903525757E-10  2.3987201260525867E-10  1.6611492651152005E-06  7.3379855769271646E-10  3.3134335670787601E-10
  2480   24.800000      0.0000000000000000E+00  3.9382327371694025E-10  4.0639147987832562E-10  1.5864282462189628E-06  4.3489473153659590E-10  2.3813820148303249E-10
  2500   25.000000      0.0000000000000000E+00  3.4956557363496856E-10  4.5089168590122175E-10  1.5142567324721531E-06  2.3407102855442354E-10  1.4559310889924686E-10
  2520   25.200000      0.0000000000000000E+00  2.9790850671871021E-10  4.1363098941176525E-10  1.4566859913924139E-06  8.0750281816503850E-11  6.0126506959615798E-11
  2540   25.400000      0.0000000000000000E+00  3.1727936749689765E-10  3.8935044695877493E-10  1.4227069336108615E-06  8.0722361351757101E-11  7.2929300268812797E-11
  2560   25.600000      0.0000000000000000E+00  2.9617864912618490E-10  2.7065144505091185E-10  1.4162670879351170E-06  3.3158177525796863E-10  2.1242923698027818E-10
  2580   25.800000      0.0000000000000000E+00  4.4881110057383314E-10  2.9303275418141585E-10  1.4360962376508526E-06  5.2816503848133194E-10  2.2369549014381554E-10
  2600   26.000000      0.0000000000000000E+00  4.1881764590728500E-10  2.3328794010489095E-10  1.4753791781965969E-06  8.3621833038871020E-10  3.2467019629330885E-10
  2620   26.200000      0.0000000000000000E+00  2.7872061784191304E-10  2.0784450842492774E-10  1.5229572032627720E-06  1.0760904653545400E-09  4.6417822538741857E-10
  2640   26.400000      0.0000000000000000E+00  2.8750715346428115E-10  3.6280861614585556E-10  1.5667750373248456E-06  1.1474259823321593E-09  4.8868032277207247E-10
  2660   26.600000      0.0000000000000000E+00  3.7187060691651599E-10  4.1543200095892365E-10  1.5958377381191586E-06  1.2656596099974519E-09  5.0301978926296396E-10
  2680   26.800000      0.0000000000000000E+00  3.8432721020534985E-10  4.6253061939786269E-10  1.6026151905388292E-06  1.2872325281879031E-09  5.2119807618043257E-10
  2700   27.000000      0.0000000000000000E+00  3.8381149542212783E-10  3.3770765523454573E-10  1.5850653497000510E-06  1.3255823492972313E-09  5.5171314860395117E-10
  2720   27.200000      0.0000000000000000E+00  2.7664654001177752E-10  1.5420215168814944E-10  1.5462608643162635E-06  1.3185151665964120E-09  5.7439955295685332E-10
  2740   27.400000      0.0000000000000000E+00  3.2171587587172747E-10  1.4840056008043759E-10  1.4936908147109301E-06  1.0784866000712866E-09  4.4329280031429709E-10
  2760   27.600000      0.0000000000000000E+00  3.5248069995423863E-10  1.7582286991658246E-10  1.4369313485799715E-06  8.5766425048423631E-10  3.5896781717397110E-10
  2780   27.800000      0.0000000000000000E+00  3.3836517585072181E-10  2.8776157326058877E-10  1.3869106199401245E-06  5.3415626209765076E-10  2.8305075343574012E-10
  2800   28.000000      0.0000000000000000E+00  4.2972423573104805E-10  4.0413818537372547E-10  1.3530674277486813E-06  2.3168744679705779E-10  1.4853183884415267E-10
  2820   28.200000      0.0000000000000000E+00  4.1727322273612965E-10  4.0825221731651466E-10  1.3398851630099598E-06  1.2496224494966476E-10  7.0403005637404578E-11
  2840   28.400000      0.0000000000000000E+00  3.3729886465297889E-10  3.8291855660634027E-10  1.3472844723530150E-06  1.0300366320757859E-10  8.9875565817669971E-11
  2860   28.600000      0.0000000000000000E+00  3.4281549972818486E-10  2.3125853225594510E-10  1.3708200703953577E-06  2.8077542453255576E-10  1.6161352490222780E-10
  2880   28.800000      0.0000000000000000E+00  3.8671212000735481E-10  1.7250618493903329E-10  1.4029729428875324E-06  4.6211483813217688E-10  2.1785475036189673E-10
  2900   29.000000      0.0000000000000000E+00  4.5876156002339814E-10  2.2206939918807935E-10  1.4343568527668343E-06  5.9915889573190405E-10  2.5183403443783289E-10
  2920   29.200000      0.0000000000000000E+00  3.8195014450263562E-10  2.0136558882337531E-10  1.4548690072763485E-06  8.2322889829824052E-10  3.4695070347491011E-10
  2940   29.400000      0.0000000000000000E+00  2.5157603770245168E-10  3.1804021265246007E-10  1.4570655707293676E-06  9.6078667516285938E-10  4.2786412599527605E-10
  2960   29.600000      0.0000000000000000E+00  2.6893237990214699E-10  3.1019969318570042E-10  1.4380754451310059E-06  1.1501610304682588E-09  4.7425576550410468E-10
  2980   29.800000      0.0000000000000000E+00  3.0615446816325789E-10  2.7885672990947394E-10  1.3998174416989110E-06  1.3463925165874881E-09  5.2132062149497767E-10
  3000   30.000000      0.0000000000000000E+00  3.0401990902724368E-10  2.9962479069620073E-10  1.3479070066830419E-06  1.4203132556637222E-09  5.9967874188518640E-10
  3020   30.200000      0.0000000000000000E+00  3.6025415458518378E-10  1.6274519267046015E-10  1.2904106630392746E-06  1.4547940174483871E-09  6.2950156973276391E-10
  3040   30.400000      0.0000000000000000E+00  5.1418609076960038E-10  1.7872990473479654E-10  1.2364533849619851E-06  1.2262329028861071E-09  5.0173740334522631E-10
  3060   30.600000      0.0000000000000000E+00  5.9450522222549723E-10  2.8021945101892250E-10  1.1946093364476730E-06  9.3531553407391991E-10  3.9648189253758178E-10
  3080   30.800000      0.0000000000000000E+00  5.7048716582091342E-10  4.0717387753929987E-10  1.1705099345378995E-06  6.6354734013365170E-10  3.0674889944976702E-10
  3100   31.000000      0.0000000000000000E+00  5.4562451472467694E-10  5.2572497364156611E-10  1.1663976882594691E-06  3.6455823233356140E-10  1.9158869739091374E-10
  3120   31.200000      0.0000000000000000E+00  5.0462276924543922E-10  4.5075088080632001E-10  1.1797833139578986E-06  2.6173172723937031E-10  1.3382572078915830E-10
  3140   31.400000      0.0000000000000000E+00  4.7899727605579365E-10  3.5614034512042313E-10  1.2054616096672700E-06  2.2327380958618114E-10  1.0762894709784250E-10
  3160   31.600000      0.0000000000000000E+00  4.6345143898415085E-10  2.6338556004724709E-10  1.2360209258628378E-06  2.3548081965818688E-10  1.5584654860336535E-10
  3180   31.800000      0.0000000000000000E+00  5.2574974151272376E-10  1.4871345668594663E-10  1.2642533272262223E-06  3.4955990727764168E-10  2.0624403463519493E-10
  3200   32.000000      0.0000000000000000E+00  6.7002131872038221E-10  2.5443311969892235E-10  1.2832261637786462E-06  3.6230483663532523E-10  1.4914509922440448E-10
  3220   32.200000      0.0000000000000000E+00  5.7631526999180218E-10  2.3866223412661350E-10  1.2880690525823038E-06  5.6191138391464189E-10  2.5754532500403019E-10
  3240   32.400000      0.0000000000000000E+00  4.3682993312840714E-10  2.7008843939665278E-10  1.2767379974775060E-06  8.0943906729996165E-10  3.6990837245412498E-10
  3260   32.600000      0.0000000000000000E+00  3.7563521754557166E-10  3.4965198176938473E-10  1.2507015034185632E-06  1.0354728402941409E-09  4.2510566005931675E-10
  3280   32.800000      0.0000000000000000E+00  3.3592398060444710E-10  2.5878806384644107E-10  1.2155300608646551E-06  1.3422855718422316E-09  5.4435324485252679E-10
  3300   33.000000      0.0000000000000000E+00  4.4568585661295342E-10  2.5587753142373744E-10  1.1793716047577898E-06  1.4656364509242244E-09  5.9542338103317884E-10
  3320   33.200000      0.0000000000000000E+00  5.8372099211816862E-10  2.8503215242658190E-10  1.1494435401735458E-06  1.4594019788359028E-09  6.1610716301540857E-10
  3340   33.400000      0.0000000000000000E+00  8.1261762600504316E-10  3.1040128276647175E-10  1.1310682149039243E-06  1.3362548283542773E-09  5.6672942555940983E-10
  3360   33.600000      0.0000000000000000E+00  1.0190047599405855E-09  4.8546586246029316E-10  1.1266231293811634E-06  9.9743727757524174E-10  3.8044180542180458E-10
  3380   33.800000      0.0000000000000000E+00  8.9855986420173448E-10  4.7027235351771283E-10  1.1359834826658035E-06  8.2234753607680101E-10  3.6988969935143230E-10
  3400   34.000000      0.0000000000000000E+00  7.0644486923289015E-10  4.4581231488627343E-10  1.1549403635817390E-06  6.1341304121882504E-10  3.0436323419200482E-10
  3420   34.200000      0.0000000000000000E+00  6.0772508241902811E-10  3.9040735000588268E-10  1.1788061612134284E-06  4.3754708419979069E-10  1.8567986352167211E-10
  3440   34.400000      0.0000000000000000E+00  4.9403577171026825E-10  2.9374305897832384E-10  1.2009420499280855E-06  3.7386476581953500E-10  1.8017616008046366E-10
  3460   34.600000      0.0000000000000000E+00  5.0400917419706389E-10  3.0613897006110911E-10  1.2147308475796363E-06  2.2836971257570744E-10  1.4531324720708382E-10
  3480   34.800000      0.0000000000000000E+00  6.4998187044139476E-10  2.3089037440300181E-10  1.2148747425045804E-06  1.8324992183815134E-10  1.2676513126164080E-10
  3500   35.000000      0.0000000000000000E+00  7.4489706680039007E-10  1.8184023404691061E-10  1.1991891412132509E-06  2.1799268392591666E-10  1.4193037682668405E-10
  3520   35.200000      0.0000000000000000E+00  8.2749172208667033E-10  2.2404225708135933E-10  1.1699708288052389E-06  3.1708652704700258E-10  1.3556548958911749E-10
  3540   35.400000      0.0000000000000000E+00  6.1807544388423094E-10  1.9222743815905742E-10  1.1313777786634000E-06  6.7734765141030626E-10  3.1776899696103777E-10
  3560   35.600000      0.0000000000000000E+00  4.6956592978678358E-10  2.9264473660925334E-10  1.0886731853958199E-06  9.6048666428443851E-10  4.2754570534909874E-10
  3580   35.800000      0.0000000000000000E+00  4.7840526673489316E-10  3.2436758833267298E-10  1.0494823004936231E-06  1.2353001774990273E-09  4.7470464121699652E-10
  3600   36.000000      0.0000000000000000E+00  5.5025698469358928E-10  3.0820730553877536E-10  1.0194046305653496E-06  1.4206763229574849E-09  5.7595193994018535E-10
  3620   36.200000      0.0000000000000000E+00  7.4539481888049419E-10  3.9267155043294988E-10  1.0027943679335603E-06  1.3786611448574521E-09  5.8454493294503333E-10
  3640   36.400000      0.0000000000000000E+00  9.5112865103924965E-10  4.8040419912124324E-10  1.0010922497861114E-06  1.3103406448883316E-09  5.3053909246958369E-10
  3660   36.600000      0.0000000000000000E+00  1.0263781925235623E-09  5.2946390776678584E-10  1.0126583211617606E-06  1.1548257799993956E-09  4.7891178457134999E-10
  3680   36.800000      0.0000000000000000E+00  9.6935446721919644E-10  5.0193424591300322E-10  1.0336137678803910E-06  1.0004140543370669E-09  4.1074835657809131E-10
  3700   37.000000      0.0000000000000000E+00  7.4634418790463258E-10  3.5859225494181623E-10  1.0588884418839482E-06  9.0741878049620497E-10  4.0689770332827473E-10
  3720   37.200000      0.0000000000000000E+00  6.0055311576807957E-10  3.1645893721545342E-10  1.0822485488201633E-06  6.6001432386337558E-10  3.1071180882735408E-10
  3740   37.400000      0.0000000000000000E+00  5.5321489798145670E-10  2.4357568761840917E-10  1.0981856395643681E-06  4.6043526904155615E-10  1.9330120429707979E-10
  3760   37.600000      0.0000000000000000E+00  4.6943506156476474E-10  2.4805784445784860E-10  1.1030576693684677E-06  2.4627376237407600E-10  1.5102352364890521E-10
  3780   37.800000      0.0000000000000000E+00  5.2257213262342840E-10  2.9459777359658000E-10  1.0952591835843087E-06  7.4379145528585185E-11  1.0685602461445322E-10
  3800   38.000000      0.0000000000000000E+00  7.5714831755000546E-10  2.2468734749238298E-10  1.0772950852771830E-06  1.1641405176988309E-10  7.5263701919669284E-11
  3820   38.200000      0.0000000000000000E+00  8.1187816322769707E-10  2.4344552576193518E-10  1.0539831969888172E-06  2.4611803159634752E-10  1.2690539663434021E-10
  3840   38.400000      0.0000000000000000E+00  6.6843955517675051E-10  1.8528548132006902E-10  1.0304868425385040E-06  5.5558775474507821E-10  2.6192594182314330E-10
  3860   38.600000      0.0000000000000000E+00  5.7923008009947283E-10  2.0105658663144159E-10  1.0119538526231176E-06  8.5861414740569357E-10  3.7417155605309233E-10
  3880   38.800000      0.0000000000000000E+00  4.5894060880008741E-10  3.4510185443435422E-10  1.0015882321029856E-06  1.0333351134561128E-09  4.2559285090306792E-10
  3900   39.000000      0.0000000000000000E+00  5.8555452248411373E-10  4.1419961175322032E-10  1.0012556987723607E-06  1.2257404604400896E-09  4.8149722550252265E-10
  3920   39.200000      0.0000000000000000E+00  7.6123724523220271E-10  5.2160958487142722E-10  1.0102972706236796E-06  1.2647724843808265E-09  5.3189273793105297E-10
  3940   39.400000      0.0000000000000000E+00  8.6717892263160227E-10  5.2839491822689624E-10  1.0264579733743957E-06  1.2836327574302517E-09  5.4931338635191693E-10
  3960   39.600000      0.0000000000000000E+00  9.0511624300212100E-10  4.7134208605119129E-10  1.0463518223212743E-06  1.3160669662794745E-09  5.1644996712349532E-10
  3980   39.800000      0.0000000000000000E+00  8.1994855630997421E-10  4.1712895204941153E-10  1.0641383623520414E-06  1.2170202547763283E-09  4.9232553105245605E-10
  4000   40.000000      0.0000000000000000E+00  6.0308465948579375E-10  2.3530499519589924E-10  1.0749641814492807E-06  1.1380032842343191E-09  5.0817477671387789E-10
  4020   40.200000      0.0000000000000000E+00  4.5803111556810291E-10  1.6254088965207395E-10  1.0759138734316469E-06  8.5246264126730196E-10  3.6992309786027443E-10
  4040   40.400000      0.0000000000000000E+00  4.0052918838642692E-10  1.7256777563354548E-10  1.0665160126195546E-06  5.1903858076253581E-10  2.3002184342655428E-10
  4060   40.600000      0.0000000000000000E+00  3.2459270863800927E-10  1.5968209877173983E-10  1.0471578400472298E-06  3.0337534002036991E-10  1.6623698380947640E-10
  4080   40.800000      0.0000000000000000E+00  4.0253793151331527E-10  2.2186890771697286E-10  1.0211823582630084E-06  9.6453313054914343E-11  1.0228849870614897E-10
  4100   41.000000      0.0000000000000000E+00  4.7546994688755789E-10  1.5201241221930685E-10  9.9318821941423258E-07  1.1444781054445562E-10  9.1810953353718940E-11
  4120   41.200000      0.0000000000000000E+00  5.9831950266287027E-10  1.4007349552079234E-10  9.6768259102044623E-07  2.6326276416060239E-10  1.1941905515015744E-10
  4140   41.400000      0.0000000000000000E+00  5.3868037459553015E-10  1.8663512646821510E-10  9.4968833109955889E-07  4.2203362769083720E-10  1.9661462791761570E-10
  4160   41.600000      0.0000000000000000E+00  3.8575953213440567E-10  2.1902692920780496E-10  9.4290924036074632E-07  6.9378133168845966E-10  3.4443442999229146E-10
  4180   41.800000      0.0000000000000000E+00  4.3181023258892500E-10  4.4842516972182005E-10  9.4905436929845429E-07  7.9048247781750704E-10  3.3277675483717072E-10
  4200   42.000000      0.0000000000000000E+00  4.1753982801746661E-10  5.2598457245326184E-10  9.6649207907480184E-07  9.5863320418158164E-10  3.8303909474067645E-10
  4220   42.200000      0.0000000000000000E+00  4.6460883367808519E-10  5.5694345644086521E-10  9.9096880124836460E-07  1.1717096482301730E-09  4.9645739457290859E-10
  4240   42.400000      0.0000000000000000E+00  5.5445437952188677E-10  5.5471158278721749E-10  1.0182877920291032E-06  1.2704662539604042E-09  5.3340955095185843E-10
  4260   42.600000      0.0000000000000000E+00  5.8194692790795892E-10  3.5844522122568784E-10  1.0430363290169893E-06  1.4159334452823410E-09  5.6581210494600599E-10
  4280   42.800000      0.0000000000000000E+00  5.2100774499191951E-10  2.7362905568664371E-10  1.0608606804754501E-06  1.4153261652379334E-09  5.6953723171774471E-10
  4300   43.000000      0.0000000000000000E+00  3.7653245671132540E-10  2.6021236216806168E-10  1.0688672008397659E-06  1.2401464694205353E-09  5.2258368930381933E-10
  4320   43.200000      0.0000000000000000E+00  1.9370394337485548E-10  1.3526842826723332E-10  1.0667268982212158E-06  1.0223048580500605E-09  4.6978165031839827E-10
  4340   43.400000      0.0000000000000000E+00  2.0637046059742602E-10  1.9092526867323939E-10  1.0555992469742945E-06  6.2120842813677071E-10  2.6736269121057193E-10
  4360   43.600000      0.0000000000000000E+00  1.5546982776760152E-10  2.1616449458159410E-10  1.0377113270919106E-06  4.0122981755056776E-10  1.8149991737673299E-10
  4380   43.800000      0.0000000000000000E+00  1.9104554957958980E-10  1.8703636411753983E-10  1.0171069806974318E-06  2.6745971299116577E-10  1.6890603231283358E-10
  4400   44.000000      0.0000000000000000E+00  3.4294739934757720E-10  1.6028703053689442E-10  9.9921885933308598E-07  1.8692444992084045E-10  1.1175280171038629E-10
  4420   44.200000      0.0000000000000000E+00  3.4892080210907292E-10  1.5216788933846609E-10  9.8771084441824479E-07  2.7038996167804404E-10  1.1405778496789244E-10
  4440   44.400000      0.0000000000000000E+00  3.7082595716874227E-10  3.2212880431827352E-10  9.8446321153001574E-07  3.2405958661180731E-10  1.7187089413534715E-10
  4460   44.600000      0.0000000000000000E+00  3.7909668995654061E-10  4.8283409738286500E-10  9.8974034149336274E-07  4.2073992805268458E-10  2.2213278146446976E-10
  4480   44.800000      0.0000000000000000E+00  2.8529355968694579E-10  5.7312052683059965E-10  1.0019775772929590E-06  5.7971097494886313E-10  2.7927215934437790E-10
  4500   45.000000      0.0000000000000000E+00  3.3373703355759895E-10  6.8315747367701071E-10  1.0179354909030871E-06  7.1832146050272000E-10  3.0106850262141153E-10
  4520   45.200000      0.0000000000000000E+00  3.7055172734719934E-10  5.7248673460449226E-10  1.0340313853061984E-06  1.0496104949664937E-09  4.3425759783561825E-10
  4540   45.400000      0.0000000000000000E+00  3.0399445206477177E-10  4.6100130904460236E-10  1.0461206776942100E-06  1.2922427398358945E-09  5.5483103685301505E-10
  4560   45.600000      0.0000000000000000E+00  2.9870409823639321E-10  2.6884126666644982E-10  1.0511959017657449E-06  1.4407984140514831E-09  5.8175610513668134E-10
  4580   45.800000      0.0000000000000000E+00  3.1991449147176992E-10  1.2937577378101934E-10  1.0480283168689211E-06  1.4886804341662671E-09  5.8024623479843771E-10
  4600   46.000000      0.0000000000000000E+00  2.3121810491919225E-10  1.5918243641762798E-10  1.0372702801258039E-06  1.3123689151614790E-09  5.6522628407641781E-10
  4620   46.200000      0.0000000000000000E+00  1.4007404354371355E-10  1.6642604703293496E-10  1.0202136748565166E-06  1.0932169399598475E-09  4.8814579360376669E-10
  4640   46.400000      0.0000000000000000E+00  1.6510712447273768E-10  1.9529707936735098E-10  1.0000872474093329E-06  8.1246261723845741E-10  3.4417434317472241E-10
  4660   46.600000      0.0000000000000000E+00  1.4955148785343954E-10  1.8864128528892079E-10  9.8098298705432342E-07  5.7475690986772552E-10  2.5140358204485831E-10
  4680   46.800000      0.0000000000000000E+00  1.1478516327919710E-10  1.4430140385979060E-10  9.6674416121120787E-07  4.9762989296339139E-10  2.2984294896332113E-10
  4700   47.000000      0.0000000000000000E+00  1.6040402727678951E-10  2.0091321464053319E-10  9.6049901622437499E-07  3.3501893328312425E-10  1.7410836049592395E-10
  4720   47.200000      0.0000000000000000E+00  1.8044750026858969E-10  2.4000278254134692E-10  9.6314696691434395E-07  2.5539216272686499E-10  1.2748422407652893E-10
  4740   47.400000      0.0000000000000000E+00  2.6699542905067037E-10  3.7731576210338684E-10  9.7477307801977476E-07  2.0714488752562546E-10  1.0343975599759282E-10
  4760   47.600000      0.0000000000000000E+00  2.5647563911417646E-10  5.6426921748506498E-10  9.9441828020637046E-07  1.9240255354325676E-10  1.4513866517281540E-10
  4780   47.800000      0.0000000000000000E+00  2.3894573309796452E-10  6.0161534496782410E-10  1.0191038705143677E-06  3.7404005180552879E-10  2.1630526799586018E-10
  4800   48.000000      0.0000000000000000E+00  2.6710941219216126E-10  6.2782237266709077E-10  1.0442919577316368E-06  5.7776468982265463E-10  2.3537504757380083E-10
  4820   48.200000      0.0000000000000000E+00  1.7519717926931983E-10  4.7702137899247842E-10  1.0669302909673058E-06  9.2614632146461716E-10  3.9550559263877270E-10
  4840   48.400000      0.0000000000000000E+00  1.1963273650364766E-10  2.7495222667568010E-10  1.0837570215334323E-06  1.2698996802250224E-09  5.4465201921285067E-10
  4860   48.600000      0.0000000000000000E+00  1.5151257507802342E-10  2.1966965378918309E-10  1.0936297080866021E-06  1.3668884708013534E-09  5.5750498305206024E-10
  4880   48.800000      0.0000000000000000E+00  1.2502001547340551E-10  9.9517252130923950E-11  1.0971693862819887E-06  1.4232289827117285E-09  5.7901065270426337E-10
  4900   49.000000      0.0000000000000000E+00  1.2275742824002185E-10  1.3178232742057123E-10  1.0951000882547128E-06  1.3200718485547700E-09  5.4724357662864094E-10
  4920   49.200000      0.0000000000000000E+00  9.1277987929152674E-11  2.1020766752344356E-10  1.0886617146730643E-06  1.1600135283566645E-09  5.0748259284693197E-10
  4940   49.400000      0.0000000000000000E+00  1.2236728388136118E-10  1.8241271406343356E-10  1.0802375351192825E-06  1.0522208796115224E-09  4.6284012138825597E-10
  4960   49.600000      0.0000000000000000E+00  2.8887091895435997E-10  2.4883902053935838E-10  1.0727437126805483E-06  8.2172722540015778E-10  3.0256094053322020E-10
  4980   49.800000      0.0000000000000000E+00  1.4059255698319815E-10  1.9198704402076252E-10  1.0679210924071495E-06  7.0004428880892617E-10  3.0603526275111497E-10
  5000   50.000000      0.0000000000000000E+00  5.3605058680748790E-11  2.0858566905494235E-10  1.0672348032838501E-06  5.0252990328667373E-10  2.5693247176472335E-10
  5020   50.200000      0.0000000000000000E+00  1.4940488866411664E-10  3.2141146153527634E-10  1.0713392960222057E-06  2.2084947443141627E-10  1.0580984922294555E-10
  5040   50.400000      0.0000000000000000E+00  1.4015791919662663E-10  3.9961690738626131E-10  1.0789881785946583E-06  1.2834668769415943E-10  8.7555446711730537E-11
  5060   50.600000      0.0000000000000000E+00  1.4990164016919412E-10  5.5286149838847552E-10  1.0885310346560329E-06  8.3698278933178477E-11  9.8117987986235167E-11
  5080   50.800000      0.0000000000000000E+00  2.5509928691632415E-10  5.2962934198209020E-10  1.0981531725899014E-06  2.3998151099546010E-10  1.5442690786178655E-10
  5100   51.000000      0.0000000000000000E+00  2.4720248920154330E-10  3.9002852138295403E-10  1.1076594092955627E-06  5.4346685778931427E-10  2.6601717366368890E-10
  5120   51.200000      0.0000000000000000E+00  2.7345659066793047E-10  3.3010055660751563E-10  1.1162229879450991E-06  7.7732551530855917E-10  3.0223643149453535E-10
  5140   51.400000      0.0000000000000000E+00  1.9657087010519398E-10  1.2388427657565464E-10  1.1230999004659022E-06  1.1049120222352872E-09  4.7958421010341262E-10
  5160   51.600000      0.0000000000000000E+00  1.4550710228716391E-10  1.4490814023507791E-10  1.1280099586914264E-06  1.2290608354975367E-09  5.4223693329956096E-10
  5180   51.800000      0.0000000000000000E+00  1.6543124953510309E-10  2.1470427269692702E-10  1.1315302890855871E-06  1.2501994452914583E-09  4.8899627337068396E-10
  5200   52.000000      0.0000000000000000E+00  2.2282179841038620E-10  1.2775738923526921E-10  1.1351960164474925E-06  1.3197766035598680E-09  5.4198274011181562E-10
  5220   52.200000      0.0000000000000000E+00  2.3988797803358854E-10  1.6375473543554730E-10  1.1395688225624625E-06  1.2700157364856417E-09  5.4820960866023834E-10
  5240   52.400000      0.0000000000000000E+00  2.6951648936938712E-10  1.8746781269581761E-10  1.1450420857253479E-06  1.2365991157442462E-09  4.9939315546552759E-10
  5260   52.600000      0.0000000000000000E+00  3.6430644367750233E-10  2.1737642699337799E-10  1.1522948882593895E-06  1.1079398076542194E-09  4.5255707035050368E-10
  5280   52.800000      0.0000000000000000E+00  3.1916877326719969E-10  2.8949366563319010E-10  1.1619769449366732E-06  8.3872922396205637E-10  3.3515046080362748E-10
  5300   53.000000      0.0000000000000000E+00  1.8907742458631045E-10  2.6365540362746707E-10  1.1735928651073048E-06  6.1831498611647192E-10  2.9581559611124445E-10
  5320   53.200000      0.0000000000000000E+00  9.3998313345040311E-11  3.2756341489627477E-10  1.1857971087782293E-06  2.7996089133372582E-10  1.6975470932510758E-10
  5340   53.400000      0.0000000000000000E+00  1.6804453646344764E-10  3.5124709544175543E-10  1.1977154719146690E-06  1.0173806170372414E-10  5.5492767097981587E-11
  5360   53.600000      0.0000000000000000E+00  1.4499026187001931E-10  3.6067500061405949E-10  1.2078298721822762E-06  1.2132218812410751E-10  1.0216915074637429E-10
  5380   53.800000      0.0000000000000000E+00  1.7375352621431024E-10  3.4754975354436064E-10  1.2155472561776268E-06  2.1500013529385957E-10  1.5946964499220898E-10
  5400   54.000000      0.0000000000000000E+00  2.9531459619978591E-10  2.2277421352895723E-10  1.2216468363831542E-06  4.5529494107812743E-10  2.0162295152517889E-10
  5420   54.200000      0.0000000000000000E+00  3.3567360552443512E-10  2.4562429562871003E-10  1.2270938238814695E-06  6.4001938924121068E-10  2.8058534281444469E-10
  5440   54.400000      0.0000000000000000E+00  3.4425412294801615E-10  2.4290689773300047E-10  1.2329804130168461E-06  8.2022618747044214E-10  3.6870796993340128E-10
  5460   54.600000      0.0000000000000000E+00  2.7686256884777777E-10  1.5600332574215428E-10  1.2395547737568897E-06  1.0156863972401523E-09  4.5146767336661347E-10
  5480   54.800000      0.0000000000000000E+00  3.1136180491102476E-10  2.5216927338435718E-10  1.2471695499682536E-06  1.0950247960492240E-09  4.6233490343909357E-10
  5500   55.000000      0.0000000000000000E+00  2.9636445847257663E-10  2.1865420201156499E-10  1.2556932801019877E-06  1.2805101637556778E-09  4.9667704372848707E-10
  5520   55.200000      0.0000000000000000E+00  2.8306377208158724E-10  1.9553557880423405E-10  1.2658422548041227E-06  1.3955554164498136E-09  5.7481809753505409E-10
  5540   55.400000      0.0000000000000000E+00  2.5569851604863812E-10  2.2591697084281298E-10  1.2781122848140088E-06  1.3847635389679726E-09  5.8449511280595042E-10
  5560   55.600000      0.0000000000000000E+00  2.8858036144001609E-10  2.3238497563249059E-10  1.2916738461393308E-06  1.2828536612563884E-09  5.0130447752589846E-10
  5580   55.800000      0.0000000000000000E+00  3.3277440705862761E-10  2.8907238215612720E-10  1.3057211413989508E-06  9.7867517269227806E-10  4.0485628271878919E-10
  5600   56.000000      0.0000000000000000E+00  2.0458091706040868E-10  2.8325144554969859E-10  1.3198465943663819E-06  7.0981549199506462E-10  3.4163395258634780E-10
  5620   56.200000      0.0000000000000000E+00  1.5612005083364370E-10  3.0921009547931045E-10  1.3335005724639898E-06  4.3013455651088857E-10  2.1237037631140586E-10
  5640   56.400000      0.0000000000000000E+00  1.4701812440822046E-10  3.0694443946125836E-10  1.3466620670091106E-06  2.0377009999653452E-10  1.0975073201927853E-10
  5660   56.600000      0.0000000000000000E+00  1.3483881305498539E-10  1.6846393936324813E-10  1.3583462982388893E-06  2.2551168998704220E-10  1.2025323580691840E-10
  5680   56.800000      0.0000000000000000E+00  1.9254393587132385E-10  2.0656623418237880E-10  1.3677062124442905E-06  2.4176098179093006E-10  1.5405926794727021E-10
  5700   57.000000      0.0000000000000000E+00  3.2800450351199272E-10  1.9141028994878996E-10  1.3742187475395031E-06  3.3149963377642748E-10  1.8371501700845472E-10
  5720   57.200000      0.0000000000000000E+00  3.6054922640213160E-10  2.3725090095201278E-10  1.3790320417666170E-06  4.5429474411373737E-10  1.9826763927209033E-10
  5740   57.400000      0.0000000000000000E+00  3.5666292266158919E-10  4.0011618773077671E-10  1.3826672430697072E-06  5.3100095337602426E-10  2.4153106912336666E-10
  5760   57.600000      0.0000000000000000E+00  3.0827696969600476E-10  2.9930918161687282E-10  1.3844504631835042E-06  7.8471298413980499E-10  3.8039950969411413E-10
  5780   57.800000      0.0000000000000000E+00  4.0873707967163313E-10  2.4723323062227319E-10  1.3846654200662001E-06  9.8718148696777789E-10  4.0457550755998761E-10
  5800   58.000000      0.0000000000000000E+00  3.2777567144908475E-10  2.4132318415868439E-10  1.3847511464912068E-06  1.2184430266408808E-09  4.7962929954472683E-10
  5820   58.200000      0.0000000000000000E+00  1.8333844284396277E-10  1.2080992931298661E-10  1.3851688368946550E-06  1.4715494372661353E-09  6.0680809091072003E-10
  5840   58.400000      0.0000000000000000E+00  1.9585467067359705E-10  2.1384493673799282E-10  1.3865257417736205E-06  1.4504348506101911E-09  6.0604581930659298E-10
  5860   58.600000      0.0000000000000000E+00  1.8485914763615367E-10  2.2361158536817883E-10  1.3898362533884941E-06  1.3467852965086408E-09  5.4629733020669141E-10
  5880   58.800000      0.0000000000000000E+00  1.9926026539514566E-10  2.3168838256026604E-10  1.3959747731391513E-06  1.1158033693935225E-09  4.5316567665349803E-10
  5900   59.000000      0.0000000000000000E+00  2.0553650267611797E-10  2.4173987947002199E-10  1.4059368606086747E-06  8.0540888301684969E-10  3.4802710625880735E-10
  5920   59.200000      0.0000000000000000E+00  9.1274814890514974E-11  1.9313038930161926E-10  1.4192658764599630E-06  6.4755090670581320E-10  3.2495413935109789E-10
  5940   59.400000      0.0000000000000000E+00  1.3548979561606278E-10  2.2987226652395004E-10  1.4352923146223857E-06  4.3157314089057922E-10  1.8958534543214307E-10
  5960   59.600000      0.0000000000000000E+00  1.9150728213475906E-10  1.6070016162897165E-10  1.4529170280948142E-06  3.4336415919637580E-10  1.5173955738149149E-10
  5980   59.800000      0.0000000000000000E+00  1.5833783730952714E-10  9.9450132398029503E-11  1.4701594669918454E-06  3.0920155061416083E-10  1.8123251919453736E-10
  6000   60.000000      0.0000000000000000E+00  2.8317323532132291E-10  1.7965583794211381E-10  1.4847364473604260E-06  1.8748698569116035E-10  1.2529754111701371E-10
  6020   60.200000      0.0000000000000000E+00  4.1699812372878897E-10  2.4561341439148996E-10  1.4949554354880285E-06  2.3729116376585457E-10  1.1913490768863846E-10
  6040   60.400000      0.0000000000000000E+00  4.2814458069122155E-10  3.6942526644407887E-10  1.4990863318012235E-06  3.3743085537849554E-10  1.7725397389821376E-10
  6060   60.600000      0.0000000000000000E+00  3.6114221205627099E-10  3.9163381417459907E-10  1.4961114986485331E-06  5.5853937256354884E-10  2.6259379188841043E-10
  6080   60.800000      0.0000000000000000E+00  2.7485462400732641E-10  2.2539452761182028E-10  1.4860363078299296E-06  9.2482986071552787E-10  4.0700920552677198E-10
  6100   61.000000      0.0000000000000000E+00  2.2104032098149410E-10  1.7456313585115846E-10  1.4702892304751247E-06  1.1622462193661678E-09  4.6296878707503604E-10
  6120   61.200000      0.0000000000000000E+00  1.4513913472698085E-10  1.3058178826842670E-10  1.4512518943228656E-06  1.4009823028917539E-09  5.6245044621332525E-10
  6140   61.400000      0.0000000000000000E+00  1.4387479715887277E-10  2.0614932433969348E-10  1.4325996861882808E-06  1.4489019248848162E-09  6.1615156709170550E-10
  6160   61.600000      0.0000000000000000E+00  2.3561864731528249E-10  3.2309468227675423E-10  1.4183032757494530E-06  1.3096901041514819E-09  5.4031369631568979E-10
  6180   61.800000      0.0000000000000000E+00  2.1903926885100746E-10  2.5857099330397033E-10  1.4116117012929035E-06  1.2004780623138645E-09  4.7085306611068786E-10
  6200   62.000000      0.0000000000000000E+00  1.6628606785897538E-10  2.4291243018509196E-10  1.4153464376153648E-06  1.0046511616998837E-09  4.3340946712844010E-10
  6220   62.200000      0.0000000000000000E+00  1.3086045542008800E-10  2.1209810300066267E-10  1.4307779420564479E-06  8.6234514132768774E-10  3.8245080891646448E-10
  6240   62.400000      0.0000000000000000E+00  1.4953775697246688E-10  1.9989753333950384E-10  1.4564518130890790E-06  7.0742797100242644E-10  3.0355457090801440E-10
  6260   62.600000      0.0000000000000000E+00  2.3657949791343408E-10  2.7471252995179685E-10  1.4905111481468926E-06  4.7286322808708877E-10  2.1115118204916990E-10
  6280   62.800000      0.0000000000000000E+00  2.6167694279617894E-10  2.6620756123456152E-10  1.5292222975461173E-06  3.2470969491720118E-10  1.7560821204516422E-10
  6300   63.000000      0.0000000000000000E+00  2.8385542015637804E-10  3.1917767251174503E-10  1.5685713953719169E-06  1.2783385288201368E-10  1.1506388125287993E-10
  6320   63.200000      0.0000000000000000E+00  3.9932069432299177E-10  3.7873468166731214E-10  1.6041299470767231E-06  7.2065321577519768E-11  6.7095555650006764E-11
  6340   63.400000      0.0000000000000000E+00  4.1000785290356804E-10  3.8762248798742586E-10  1.6318942341547074E-06  2.3549467385899877E-10  1.1483222328042258E-10
  6360   63.600000      0.0000000000000000E+00  3.5099463993631773E-10  3.9983314035562013E-10  1.6488809283159954E-06  4.5162746078167723E-10  2.3276197185811105E-10
  6380   63.800000      0.0000000000000000E+00  2.3486417309294098E-10  2.6579977428898582E-10  1.6538683048468864E-06  8.0788423219156936E-10  3.6562967606355922E-10
  6400   64.000000      0.0000000000000000E+00  1.9777188546210843E-10  2.2094008693543335E-10  1.6485496468044976E-06  1.0522839226428430E-09  4.1588233202410745E-10
  6420   64.200000      0.0000000000000000E+00  1.0346571306816415E-10  2.4041163332816458E-10  1.6372287561145226E-06  1.2133865680653320E-09  5.0168618807264388E-10
  6440   64.400000      0.0000000000000000E+00  1.1423831613105375E-10  2.9120966090998429E-10  1.6247368878612184E-06  1.3338004460898834E-09  5.6817539462938985E-10
  6460   64.600000      0.0000000000000000E+00  2.6018814131837457E-10  4.7093819254006717E-10  1.6150002339251070E-06  1.2755223977820158E-09  5.2654086264195008E-10
  6480   64.800000      0.0000000000000000E+00  2.4075029541210809E-10  4.3565309030691353E-10  1.6117069728190405E-06  1.2742223030546236E-09  5.0592237227429779E-10
  6500   65.000000      0.0000000000000000E+00  1.6910342405485934E-10  2.8448494796518461E-10  1.6175233516895198E-06  1.2357770419712641E-09  5.0009977490309526E-10
  6520   65.200000      0.0000000000000000E+00  2.3917690466644972E-10  2.7256689067384477E-10  1.6329154612990038E-06  1.0759000495768692E-09  4.6776929662096328E-10
  6540   65.400000      0.0000000000000000E+00  2.0646891589563577E-10  1.8109640005845010E-10  1.6563520574899137E-06  9.2536540208603749E-10  4.0742104484670878E-10
  6560   65.600000      0.0000000000000000E+00  2.6788556740867652E-10  2.6614630741604540E-10  1.6848725620242325E-06  5.8769111599888497E-10  2.3131695967688098E-10
  6580   65.800000      0.0000000000000000E+00  3.4457342423268978E-10  3.4139643950354092E-10  1.7146193175545886E-06  3.3541373910181037E-10  1.8386103531884138E-10
  6600   66.000000      0.0000000000000000E+00  3.8330967796032157E-10  3.6253946292692115E-10  1.7413893496073656E-06  1.6663424425931874E-10  1.3697060897297676E-10
  6620   66.200000      0.0000000000000000E+00  3.9687503057981402E-10  4.2435607486192651E-10  1.7610187263969852E-06  4.8314045846174542E-11  4.6435218408087483E-11
  6640   66.400000      0.0000000000000000E+00  3.2298174029742690E-10  3.7019579813757874E-10  1.7713078139331543E-06  2.1233997240590760E-10  1.1295189629113678E-10
  6660   66.600000      0.0000000000000000E+00  2.9548374202127183E-10  3.3221920872263907E-10  1.7725220600928974E-06  4.1343966728687148E-10  2.1606047611947992E-10
  6680   66.800000      0.0000000000000000E+00  1.9671042442829135E-10  3.0309319500707477E-10  1.7668242609435156E-06  6.2114445378180644E-10  2.9393577354442260E-10
  6700   67.000000      0.0000000000000000E+00  1.5563335998073676E-10  2.8009047943314712E-10  1.7579451942344079E-06  8.6977279111891316E-10  3.8266618542109800E-10
  6720   67.200000      0.0000000000000000E+00  1.9090947259470457E-10  4.2691133772444164E-10  1.7501040323099817E-06  9.5377991707193102E-10  3.7054251174809553E-10
  6740   67.400000      0.0000000000000000E+00  1.3166659557324250E-10  5.0776933098757673E-10  1.7469354914002108E-06  1.1516858526861362E-09  4.9263106740194656E-10
  6760   67.600000      0.0000000000000000E+00  1.3998978175779117E-10  5.4245303902528947E-10  1.7513797132963443E-06  1.2735884493155859E-09  5.4747907691052735E-10
  6780   67.800000      0.0000000000000000E+00  1.9852326046741880E-10  6.1352478954892435E-10  1.7654708484354429E-06  1.3222497866382236E-09  5.0860709999250013E-10
  6800   68.000000      0.0000000000000000E+00  1.4641470830975657E-10  4.5415383744818459E-10  1.7892086270928918E-06  1.4168354293424596E-09  5.7385312884493711E-10
  6820   68.200000      0.0000000000000000E+00  1.2763655606608303E-10  3.1496313887934392E-10  1.8190808180433949E-06  1.2785855376883238E-09  5.5408168969162375E-10
  6840   68.400000      0.0000000000000000E+00  2.2038343890213564E-10  3.0295424986175008E-10  1.8510493547372171E-06  1.0336282471297709E-09  4.3860337208877449E-10
  6860   68.600000      0.0000000000000000E+00  2.9155072502343838E-10  2.4738720422547633E-10  1.8804485464982743E-06  7.4590149570181965E-10  3.3434601475856239E-10
  6880   68.800000      0.0000000000000000E+00  3.6501941961016130E-10  3.6758094719879502E-10  1.9035511831758552E-06  3.9610730345826151E-10  1.7343390464471519E-10
  6900   69.000000      0.0000000000000000E+00  2.7095018571340991E-10  3.4858456314451479E-10  1.9181727126875602E-06  2.7924914446066388E-10  1.6057556015179868E-10
  6920   69.200000      0.0000000000000000E+00  1.7189780127353804E-10  3.5520823693217015E-10  1.9236103400911449E-06  1.8296579125855411E-10  1.2606897231115749E-10
  6940   69.400000      0.0000000000000000E+00  1.7284908078431354E-10  3.8225543848687711E-10  1.9193562142949707E-06  2.0846908882793275E-10  8.8425432425066957E-11
  6960   69.600000      0.0000000000000000E+00  1.5312027321928468E-10  3.3036417804698180E-10  1.9077397861412085E-06  3.7528922691227336E-10  1.9697961821269448E-10
  6980   69.800000      0.0000000000000000E+00  1.8677113413500719E-10  4.1477041783155509E-10  1.8935466933163183E-06  4.4402969975550410E-10  2.5114687106038803E-10
  7000   70.000000      0.0000000000000000E+00  2.7429363406989077E-10  4.8679415884422401E-10  1.8815541645611429E-06  5.7973310170469980E-10  2.5075362525724785E-10
  7020   70.200000      0.0000000000000000E+00  2.8512593305237715E-10  5.4451540541955387E-10  1.8751483947249069E-06  7.4427861930398107E-10  3.2257394867115856E-10
  7040   70.400000      0.0000000000000000E+00  2.6670653879005825E-10  5.8633343584597279E-10  1.8767618443770841E-06  9.4481639209147561E-10  3.9921041832273111E-10
  7060   70.600000      0.0000000000000000E+00  1.8101474332597030E-10  5.2910839626035952E-10  1.8872315368054463E-06  1.2459157834818336E-09  5.2082427510529790E-10
  7080   70.800000      0.0000000000000000E+00  1.7244906744336676E-10  5.2356644605217133E-10  1.9057417879076825E-06  1.3775341890963239E-09  5.6348752868092749E-10
  7100   71.000000      0.0000000000000000E+00  2.0484636589708677E-10  3.7558350260524591E-10  1.9305642059019942E-06  1.4635771680005153E-09  5.6691490234749119E-10
  7120   71.200000      0.0000000000000000E+00  1.4431406714459010E-10  2.5576729620372334E-10  1.9584798725592660E-06  1.3975955612688389E-09  5.9079348377992462E-10
  7140   71.400000      0.0000000000000000E+00  2.4710837055465274E-10  3.0333991913106508E-10  1.9855326235883797E-06  1.1158541100617357E-09  5.0155662150107495E-10
  7160   71.600000      0.0000000000000000E+00  4.2427380236376517E-10  2.7664081997914049E-10  2.0077569630864206E-06  8.6670408602448605E-10  3.4695598409650491E-10
  7180   71.800000      0.0000000000000000E+00  4.1288078848646589E-10  2.8838162742129604E-10  2.0227268688784382E-06  5.9654686690195072E-10  2.5973821826804293E-10
  7200   72.000000      0.0000000000000000E+00  2.8693198394908762E-10  2.8721508985702066E-10  2.0306172712990917E-06  4.5788714615594128E-10  2.4191864757361091E-10
  7220   72.200000      0.0000000000000000E+00  1.8358107204531246E-10  3.3788736328444494E-10  2.0336985575371818E-06  3.8460747610564874E-10  1.9273322908752684E-10
  7240   72.400000      0.0000000000000000E+00  1.0490130134297805E-10  4.8104754369274416E-10  2.0357766654667025E-06  2.6145334198662360E-10  1.2988746703790547E-10
  7260   72.600000      0.0000000000000000E+00  9.3045622877927120E-11  5.4128256590169011E-10  2.0406567291835260E-06  2.7244501878394960E-10  1.3350452748209310E-10
  7280   72.800000      0.0000000000000000E+00  1.9048002236808676E-10  6.6983685140217212E-10  2.0514836665195649E-06  2.6448655642177116E-10  1.6538362634361187E-10
  7300   73.000000      0.0000000000000000E+00  2.7515637355046223E-10  7.9680845265609254E-10  2.0709689066301855E-06  3.1653060042243775E-10  1.8687680923564465E-10
  7320   73.200000      0.0000000000000000E+00  3.0765462986778879E-10  8.0243027175917065E-10  2.0994086457103482E-06  5.6246692427911217E-10  2.3700720302456252E-10
  7340   73.400000      0.0000000000000000E+00  2.9946851444590444E-10  7.4030098387484925E-10  2.1343706675805520E-06  8.1415655292668169E-10  3.4740798844932838E-10
  7360   73.600000      0.0000000000000000E+00  1.4685731271677138E-10  5.5334929974884598E-10  2.1721216227310574E-06  1.1762277856989235E-09  5.2085998901041721E-10
  7380   73.800000      0.0000000000000000E+00  8.5362862801006318E-11  4.3973769393985208E-10  2.2068645455235680E-06  1.3695475046474753E-09  5.4596451565440801E-10
  7400   74.000000      0.0000000000000000E+00  1.1372486784687861E-10  3.6180063348039903E-10  2.2331373623066302E-06  1.3951278709905864E-09  5.4598602854349427E-10
  7420   74.200000      0.0000000000000000E+00  1.3575968466909257E-10  3.0442073981503415E-10  2.2473609930156182E-06  1.3920876920094957E-09  5.7815262459290422E-10
  7440   74.400000      0.0000000000000000E+00  2.3346811348483781E-10  3.4999805164669862E-10  2.2486968269594561E-06  1.1927706838076238E-09  5.1496359886209277E-10
  7460   74.600000      0.0000000000000000E+00  3.3575345475542248E-10  3.0598885397870746E-10  2.2369405253386455E-06  1.0115675046285796E-09  4.2267769900479690E-10
  7480   74.800000      0.0000000000000000E+00  3.1002221843755006E-10  3.0085458287610919E-10  2.2147895405888481E-06  8.8474041251491873E-10  3.5583516663196728E-10
  7500   75.000000      0.0000000000000000E+00  1.7005357557143185E-10  4.3384402481112640E-10  2.1870957569166460E-06  6.7748118059256552E-10  3.0163135663570542E-10
  7520   75.200000      0.0000000000000000E+00  6.8456396394492376E-11  4.5041589467076614E-10  2.1603373530969228E-06  5.7343035433729379E-10  3.0457357930772757E-10
  7540   75.400000      0.0000000000000000E+00  1.8717841372293412E-10  6.2890087085051995E-10  2.1405462460032851E-06  3.1448697568407701E-10  1.5251489137231664E-10
  7560   75.600000      0.0000000000000000E+00  1.8942115621749440E-10  8.4387803109990196E-10  2.1319615515076358E-06  1.3984274252031868E-10  7.7378148085155038E-11
  7580   75.800000      0.0000000000000000E+00  1.3950725971623503E-10  8.9855096550629504E-10  2.1359067697031971E-06  1.4495993058137465E-10  1.2210708458608099E-10
  7600   76.000000      0.0000000000000000E+00  2.0438084824537648E-10  9.6023366900970135E-10  2.1522386796004182E-06  1.7081048396086451E-10  1.2097149909878914E-10
  7620   76.200000      0.0000000000000000E+00  2.3303538083967435E-10  8.1227203298866805E-10  2.1783899509244098E-06  4.2370948101625077E-10  1.8964290145723457E-10
  7640   76.400000      0.0000000000000000E+00  2.7507032441248289E-10  5.8806477351149976E-10  2.2111381561011377E-06  7.5093952174915739E-10  3.2639473366124840E-10
  7660   76.600000      0.0000000000000000E+00  2.7632290977276275E-10  4.3658268564251960E-10  2.2467598874532119E-06  1.0062233747553284E-09  4.3210306127830178E-10
  7680   76.800000      0.0000000000000000E+00  1.2305859379756710E-10  2.9072889173415547E-10  2.2792600804573287E-06  1.2661555275165365E-09  5.4192275124444564E-10
  7700   77.000000      0.0000000000000000E+00  1.2913070799515481E-10  3.6078011344015767E-10  2.3042608213021775E-06  1.2669839976683350E-09  5.0263533495269730E-10
  7720   77.200000      0.0000000000000000E+00  1.7912405741504894E-10  3.0195579422098332E-10  2.3194737335459423E-06  1.2983636955972528E-09  5.1990792262389151E-10
  7740   77.400000      0.0000000000000000E+00  2.2345179106956007E-10  2.1117808132650366E-10  2.3243694700983386E-06  1.3032429687660088E-09  5.6130458593900920E-10
  7760   77.600000      0.0000000000000000E+00  3.4589948142763699E-10  2.6988635112840320E-10  2.3202267256174088E-06  1.1901805212821140E-09  4.8838527697097582E-10
  7780   77.800000      0.0000000000000000E+00  3.3586314351370587E-10  3.0222278441590519E-10  2.3101916397011110E-06  1.1241333896599658E-09  4.3872616587623353E-10
  7800   78.000000      0.0000000000000000E+00  1.6557812416852772E-10  4.7257793055872578E-10  2.2991639496634995E-06  9.2873045768995849E-10  4.0553538301640698E-10
  7820   78.200000      0.0000000000000000E+00  1.2728895295236765E-10  6.6461824762956815E-10  2.2912121706594495E-06  6.5150299190566082E-10  3.1338211141053955E-10
  7840   78.400000      0.0000000000000000E+00  2.6325881245010986E-10  7.6614462592924915E-10  2.2900267644239368E-06  4.0009119622528755E-10  2.0625328859283869E-10
  7860   78.600000      0.0000000000000000E+00  3.8025690115694101E-10  9.5623081243912981E-10  2.2977365908330594E-06  1.0896416770013982E-10  7.3073335014340706E-11
  7880   78.800000      0.0000000000000000E+00  2.9161033429927998E-10  9.0285127000634986E-10  2.3140809367853252E-06  9.0934765232870788E-11  7.9439259146672427E-11
  7900   79.000000      0.0000000000000000E+00  2.3109929417569515E-10  8.2576292280993061E-10  2.3364578669278795E-06  1.7470762436343848E-10  1.3375042813731813E-10
  7920   79.200000      0.0000000000000000E+00  2.5593440550803737E-10  7.2470470027818605E-10  2.3620561914765037E-06  3.4435264760921044E-10  1.6011446895445752E-10
  7940   79.400000      0.0000000000000000E+00  2.0537332766438643E-10  4.6972287572774460E-10  2.3879923372528346E-06  6.3255579207356126E-10  2.5228897824612411E-10
  7960   79.600000      0.0000000000000000E+00  2.8763354918260671E-10  2.8664748484908250E-10  2.4102446001216465E-06  8.1958976365161552E-10  3.7384786654584020E-10
  7980   79.800000      0.0000000000000000E+00  3.1223334508878370E-10  2.2148555873203123E-10  2.4257408346724713E-06  1.0012978415457989E-09  4.4876546025278886E-10
  8000   80.000000      0.0000000000000000E+00  2.0513962172755944E-10  3.3451513508425345E-10  2.4350628479227867E-06  1.1305127290689245E-09  4.6080575700777491E-10
  8020   80.200000      0.0000000000000000E+00  2.7313099442691097E-10  3.9222494748870555E-10  2.4390109687303138E-06  1.2122322858059289E-09  4.9392844796836944E-10
  8040   80.400000      0.0000000000000000E+00  2.6088626824221995E-10  2.3727944751682222E-10  2.4381754913874997E-06  1.3845216252202912E-09  5.7437096466247330E-10
  8060   80.600000      0.0000000000000000E+00  2.2348941350177180E-10  2.7522761860715889E-10  2.4342280439117286E-06  1.3710374382580644E-09  5.6561390883326280E-10
  8080   80.800000      0.0000000000000000E+00  2.8070436981672986E-10  3.9454874383070652E-10  2.4306364761582565E-06  1.2852563071981036E-09  5.1829857049421260E-10
  8100   81.000000      0.0000000000000000E+00  3.2211078777456273E-10  5.4891388210965347E-10  2.4320963389396107E-06  1.0982880320171354E-09  4.5194806790962770E-10
  8120   81.200000      0.0000000000000000E+00  2.0834097528039164E-10  7.5365938030211489E-10  2.4409205139243442E-06  7.4570444870229444E-10  3.5300618598244140E-10
  8140   81.400000      0.0000000000000000E+00  2.7701495639507175E-10  8.2778244735606634E-10  2.4578243969563430E-06  4.8355596093882531E-10  2.4473059936825273E-10
  8160   81.600000      0.0000000000000000E+00  4.7081928666974084E-10  8.5274471468755652E-10  2.4814472836554398E-06  2.2965291406270227E-10  9.8762554657783230E-11
  8180   81.800000      0.0000000000000000E+00  3.6111929577086337E-10  7.5953194726555572E-10  2.5080348001834106E-06  1.5291861370135690E-10  1.0618661031098470E-10
  8200   82.000000      0.0000000000000000E+00  2.0525325033342140E-10  5.2661919098967662E-10  2.5336852847025439E-06  2.5265166310776327E-10  1.6450818947028383E-10
  8220   82.200000      0.0000000000000000E+00  2.7678205870188295E-10  4.1858489503016785E-10  2.5554764195088564E-06  2.9272319639826948E-10  1.3991326951796156E-10
  8240   82.400000      0.0000000000000000E+00  3.0117348560215907E-10  2.5743873597192041E-10  2.5719912484012045E-06  4.5526879769910877E-10  1.9775500780422507E-10
  8260   82.600000      0.0000000000000000E+00  2.2307324601174810E-10  1.9574156732138169E-10  2.5817563852743252E-06  5.9617054862349773E-10  2.6971574548492372E-10
  8280   82.800000      0.0000000000000000E+00  3.0539859695862622E-10  2.1241218406034881E-10  2.5839483596637085E-06  7.0989195632126184E-10  3.2650673060265288E-10
  8300   83.000000      0.0000000000000000E+00  3.0966828421495151E-10  1.5653712332858825E-10  2.5790770023066325E-06  9.6740314946970543E-10  4.2583543128007985E-10
  8320   83.200000      0.0000000000000000E+00  3.6953194269009689E-10  2.0550540093539308E-10  2.5695417858718429E-06  1.1489890527394314E-09  4.4588568639845052E-10
  8340   83.400000      0.0000000000000000E+00  3.1089097579654065E-10  1.7632013158897224E-10  2.5581258767142186E-06  1.4037645095561929E-09  5.8734794005306898E-10
  8360   83.600000      0.0000000000000000E+00  2.1586587571531904E-10  2.6852952298264789E-10  2.5487330481917660E-06  1.5116478652460816E-09  6.4672372804732858E-10
  8380   83.800000      0.0000000000000000E+00  2.7193291971335864E-10  4.6515025362954954E-10  2.5441143222444202E-06  1.3545948217771435E-09  5.3421276786586812E-10
  8400   84.000000      0.0000000000000000E+00  3.2903450197813651E-10  5.4842026464694628E-10  2.5454832722093047E-06  1.1885455165878319E-09  4.8946176926302075E-10
  8420   84.200000      0.0000000000000000E+00  3.4814169049015128E-10  6.3118482290178594E-10  2.5530453823764054E-06  8.7870794639104348E-10  4.0179477956386624E-10
  8440   84.400000      0.0000000000000000E+00  3.6233777252339935E-10  6.3124532092263519E-10  2.5654925557928851E-06  5.9893816092719551E-10  2.6535228514511701E-10
  8460   84.600000      0.0000000000000000E+00  3.2134335333583384E-10  5.5004019506797484E-10  2.5802606894612413E-06  4.8010685047930933E-10  2.1703990839640463E-10
  8480   84.800000      0.0000000000000000E+00  3.3999304272943280E-10  5.4422209675944856E-10  2.5949972277765305E-06  3.1170465882830977E-10  1.3468016017053402E-10
  8500   85.000000      0.0000000000000000E+00  2.3634900807043718E-10  3.3068250117631986E-10  2.6073804754738686E-06  3.2009655055730291E-10  1.8348949666190594E-10
  8520   85.200000      0.0000000000000000E+00  2.5179192130433824E-10  2.6968663531353105E-10  2.6153994432211939E-06  2.7643683308506860E-10  1.7238794669797521E-10
  8540   85.400000      0.0000000000000000E+00  3.5681589372660888E-10  3.1447695828953927E-10  2.6171744826543474E-06  2.2729273849300682E-10  9.8373997779971559E-11
  8560   85.600000      0.0000000000000000E+00  2.8036069317687221E-10  2.7088884547109312E-10  2.6129928608380673E-06  3.6365702491109483E-10  1.8476843524017477E-10
  8580   85.800000      0.0000000000000000E+00  2.7923284250034894E-10  3.9020631311282255E-10  2.6044433604532653E-06  5.0680555332731091E-10  2.6791795784803034E-10
  8600   86.000000      0.0000000000000000E+00  3.3123434381888904E-10  3.4490408726871263E-10  2.5947058812428299E-06  7.9296997573380608E-10  3.2780047217663285E-10
  8620   86.200000      0.0000000000000000E+00  2.7484041968114334E-10  1.5400667594976381E-10  2.5862662555952624E-06  1.1401320404515042E-09  4.7536906345115523E-10
  8640   86.400000      0.0000000000000000E+00  2.6933749547162993E-10  2.2556220024700885E-10  2.5825794218561913E-06  1.3294729380813509E-09  5.4827513786203079E-10
  8660   86.600000      0.0000000000000000E+00  3.1842669381548829E-10  4.1952729037922697E-10  2.5866705692810269E-06  1.4836660391431218E-09  6.2646357759106441E-10
  8680   86.800000      0.0000000000000000E+00  4.0636527870101674E-10  7.3235995247381838E-10  2.5994770716351932E-06  1.3744299388891061E-09  5.8427989030676810E-10
  8700   87.000000      0.0000000000000000E+00  4.8608267115146534E-10  8.0972982878438150E-10  2.6195741323948034E-06  1.2054347067803723E-09  4.7358783653964843E-10
  8720   87.200000      0.0000000000000000E+00  3.7157603229226355E-10  6.9256222100259594E-10  2.6446522721452547E-06  1.0561348031181062E-09  4.4927578292042701E-10
  8740   87.400000      0.0000000000000000E+00  3.4244489057636733E-10  5.3403903832122248E-10  2.6710278487013794E-06  8.3384072628868981E-10  3.8236253606370467E-10
  8760   87.600000      0.0000000000000000E+00  3.3093370554280080E-10  3.4067397101291350E-10  2.6959277273125842E-06  7.0626277998328689E-10  2.7606959026585052E-10
  8780   87.800000      0.0000000000000000E+00  2.2884563539799739E-10  3.5725822379272754E-10  2.7157043629558344E-06  5.4312515412937089E-10  2.3685156287971658E-10
  8800   88.000000      0.0000000000000000E+00  2.3319271876411096E-10  4.0004100163241049E-10  2.7275123496638798E-06  3.4601613627839622E-10  1.8181355643140219E-10
  8820   88.200000      0.0000000000000000E+00  2.8511626653083178E-10  3.1131032231133770E-10  2.7288111064906911E-06  2.2331449202871895E-10  1.2545576314170567E-10
  8840   88.400000      0.0000000000000000E+00  3.3103064700565638E-10  4.2027059430168730E-10  2.7192921284988031E-06  8.0358061937001356E-11  7.5118608345130156E-11
  8860   88.600000      0.0000000000000000E+00  2.9604661658085169E-10  4.0519593797324017E-10  2.7008690517815187E-06  1.8340959102495626E-10  1.0979336547537327E-10
  8880   88.800000      0.0000000000000000E+00  2.4648680851197963E-10  3.5852935563569520E-10  2.6763352936947073E-06  4.0981070302782171E-10  2.2740869372169811E-10
  8900   89.000000      0.0000000000000000E+00  2.4702811115896972E-10  3.3840603668476931E-10  2.6499855568044642E-06  6.7890101378715581E-10  3.3315652528891040E-10
  8920   89.200000      0.0000000000000000E+00  2.5408798321705667E-10  2.0731854326741961E-10  2.6254213987518279E-06  1.0250935110244030E-09  4.0984338133691512E-10
  8940   89.400000      0.0000000000000000E+00  2.0183980530805884E-10  2.6197870598730342E-10  2.6059411285754208E-06  1.2070130552509437E-09  5.0224054682205065E-10
  8960   89.600000      0.0000000000000000E+00  2.3157247080743460E-10  4.6444676734183103E-10  2.5932309044897670E-06  1.3216140516803043E-09  5.8626346721523128E-10
  8980   89.800000      0.0000000000000000E+00  4.6458703400488360E-10  7.2368896912332418E-10  2.5874976347985156E-06  1.3340834944161792E-09  5.4288711131197548E-10
  9000   90.000000      0.0000000000000000E+00  4.7656200352382454E-10  8.7386864744001951E-10  2.5872835430361157E-06  1.2337539471543060E-09  4.9149305793680849E-10
  9020   90.200000      0.0000000000000000E+00  3.5916750397270451E-10  6.6519799431017676E-10  2.5902146752142622E-06  1.2396264140197739E-09  5.1491423262050183E-10
  9040   90.400000      0.0000000000000000E+00  2.8643322679431461E-10  4.1225596117047016E-10  2.5928925303333354E-06  1.1118622553514994E-09  4.7513120187814818E-10
  9060   90.600000      0.0000000000000000E+00  1.8061994483124469E-10  2.3855635301865185E-10  2.5931444817561888E-06  9.1886224003123984E-10  3.8628107776183681E-10
  9080   90.800000      0.0000000000000000E+00  1.7816863855050810E-10  2.0036727388656300E-10  2.5899222436098420E-06  7.1276550279950854E-10  2.8519339973691781E-10
  9100   91.000000      0.0000000000000000E+00  2.1493446544787817E-10  3.3667215147356958E-10  2.5820553513753649E-06  3.8106323125768205E-10  1.8253605703080846E-10
  9120   91.200000      0.0000000000000000E+00  1.5817656935328736E-10  3.8993770403702292E-10  2.5700562937271527E-06  1.9561005179529173E-10  1.5181933258901639E-10
  9140   91.400000      0.0000000000000000E+00  2.2485360705995511E-10  4.3088609113644778E-10  2.5567981423390428E-06  6.5629407000521121E-11  5.3255693912015785E-11
  9160   91.600000      0.0000000000000000E+00  2.1619646117847521E-10  3.7659739660183872E-10  2.5445819757401739E-06  9.8678124923794628E-11  6.7415615503171905E-11
  9180   91.800000      0.0000000000000000E+00  1.5699465880900635E-10  2.7351934744911205E-10  2.5347105498191551E-06  3.7839941920711942E-10  2.1950938221404288E-10
  9200   92.000000      0.0000000000000000E+00  2.3721609185322494E-10  3.4121601614996408E-10  2.5274951056093871E-06  5.7179776084799277E-10  2.8372022557440735E-10
  9220   92.200000      0.0000000000000000E+00  3.0736461538169173E-10  2.8932587974777161E-10  2.5228263193362993E-06  8.1113563413332001E-10  3.5022479368130129E-10
  9240   92.400000      0.0000000000000000E+00  3.4518747019607156E-10  2.9906500796403284E-10  2.5201446298054837E-06  1.0186878222112742E-09  4.4146389070772994E-10
  9260   92.600000      0.0000000000000000E+00  3.9822400354486962E-10  5.2553145959341316E-10  2.5171932396269462E-06  1.0941712703795525E-09  4.6960880875714952E-10
  9280   92.800000      0.0000000000000000E+00  3.7449172690128616E-10  5.7412676062825071E-10  2.5119659937249988E-06  1.2607630226673015E-09  5.4017492011245893E-10
  9300   93.000000      0.0000000000000000E+00  4.5295451808404818E-10  6.4776385206554685E-10  2.5019712375715339E-06  1.3037715606020542E-09  5.0943637633769077E-10
  9320   93.200000      0.0000000000000000E+00  3.5157111464573546E-10  5.5106481687083574E-10  2.4859197471518878E-06  1.3604320560622176E-09  5.4177136744268664E-10
  9340   93.400000      0.0000000000000000E+00  2.6351073881058474E-10  2.5009112740130905E-10  2.4642626480945046E-06  1.3648593300228557E-09  5.8672712684659336E-10
  9360   93.600000      0.0000000000000000E+00  2.6851045445194859E-10  1.6979259994186096E-10  2.4388506524884121E-06  1.0855817264301794E-09  4.5381713156293070E-10
  9380   93.800000      0.0000000000000000E+00  3.0674879563033526E-10  1.6006188945629993E-10  2.4124067427196050E-06  8.1190716117749533E-10  3.2031816301329790E-10
  9400   94.000000      0.0000000000000000E+00  2.2405439731643064E-10  1.9171851517940910E-10  2.3887133118061625E-06  5.0113653913331653E-10  2.4365145965724331E-10
  9420   94.200000      0.0000000000000000E+00  1.2662241564240062E-10  2.5781540487798683E-10  2.3711297528719192E-06  2.3014496022726830E-10  1.4458890859311360E-10
  9440   94.400000      0.0000000000000000E+00  1.6058733366329945E-10  2.3177528686900654E-10  2.3629799984032916E-06  1.7697818501238530E-10  1.2414424673363649E-10
  9460   94.600000      0.0000000000000000E+00  2.4442449862806161E-10  2.6348545460228278E-10  2.3649279362267809E-06  1.5343870621327364E-10  8.8612879188155135E-11
  9480   94.800000      0.0000000000000000E+00  2.2978343580889403E-10  1.7450497167338344E-10  2.3754966608500383E-06  3.0739028453398354E-10  1.6380767956907965E-10
  9500   95.000000      0.0000000000000000E+00  2.8548616862307517E-10  1.7818617490492924E-10  2.3923914914385097E-06  4.6718499092305036E-10  2.5397896567359548E-10
  9520   95.200000      0.0000000000000000E+00  4.2181683058568155E-10  3.4649043146622299E-10  2.4122666229894688E-06  5.4518216017333144E-10  2.5281219829046651E-10
  9540   95.400000      0.0000000000000000E+00  5.0985211956757374E-10  3.6933070553772255E-10  2.4306262260576928E-06  7.5232228951621112E-10  3.1035560951084570E-10
  9560   95.600000      0.0000000000000000E+00  5.8676724294642576E-10  4.9391530995240504E-10  2.4426086660780880E-06  9.2839747120247775E-10  4.2221945416490272E-10
  9580   95.800000      0.0000000000000000E+00  5.3809671694156400E-10  5.0777973114520614E-10  2.4454642105614669E-06  1.1468362198915306E-09  4.9191048053620616E-10
  9600   96.000000      0.0000000000000000E+00  3.5819511482210981E-10  3.5969753723343205E-10  2.4373112077182484E-06  1.3736596333812248E-09  5.4703375735071102E-10
  9620   96.200000      0.0000000000000000E+00  2.3351587985391896E-10  2.7067552659923006E-10  2.4189972970705725E-06  1.4410099333246522E-09  5.7282217071463291E-10
  9640   96.400000      0.0000000000000000E+00  2.1911960496209270E-10  1.2560424416082268E-10  2.3927099178231600E-06  1.4558627411847038E-09  6.0745220190775238E-10
  9660   96.600000      0.0000000000000000E+00  3.3653414896624566E-10  1.3602358981704632E-10  2.3611960490653409E-06  1.2181124131702831E-09  5.1961061265415391E-10
  9680   96.800000      0.0000000000000000E+00  4.0214256328637942E-10  2.2686169308972895E-10  2.3273988689814838E-06  8.8660764621100188E-10  3.6561006701120614E-10
  9700   97.000000      0.0000000000000000E+00  3.1691379861242413E-10  1.5628362557771327E-10  2.2948734497374328E-06  6.5789470617492958E-10  2.7916279355377963E-10
  9720   97.200000      0.0000000000000000E+00  1.4964746029966970E-10  1.1794017957150587E-10  2.2670070770238412E-06  4.2042895504335911E-10  2.3137781543137091E-10
  9740   97.400000      0.0000000000000000E+00  1.2569761227550686E-10  1.0269982375984745E-10  2.2466527751275389E-06  3.3621968178934854E-10  1.7930263948892280E-10
  9760   97.600000      0.0000000000000000E+00  2.2338388009609533E-10  2.2825901937444451E-10  2.2348309382578897E-06  2.7555436193845147E-10  1.1670316109838285E-10
  9780   97.800000      0.0000000000000000E+00  3.3529033207680439E-10  3.0950784234499711E-10  2.2296037646944445E-06  2.4156998236814575E-10  1.4244571830927415E-10
  9800   98.000000      0.0000000000000000E+00  3.8282228065627538E-10  3.0273328161334623E-10  2.2280523754008838E-06  3.0886509076008937E-10  1.9812306131591161E-10
  9820   98.200000      0.0000000000000000E+00  4.4869528537991397E-10  4.5355827554325594E-10  2.2264616445856216E-06  3.1185172936580529E-10  1.6620221088287730E-10
  9840   98.400000      0.0000000000000000E+00  5.9759011537338984E-10  5.4485224347344429E-10  2.2223511763140608E-06  4.9283647085779417E-10  2.1637053362243781E-10
  9860   98.600000      0.0000000000000000E+00  5.4612495198394555E-10  5.2883176604030207E-10  2.2150367493987075E-06  8.0269467070811951E-10  3.4861018959692323E-10
  9880   98.800000      0.0000000000000000E+00  3.9905625410536036E-10  5.0532634438582905E-10  2.2038706047407810E-06  1.0654670071629475E-09  4.6855544920479217E-10
  9900   99.000000      0.0000000000000000E+00  2.5584599520956377E-10  3.3215929831797119E-10  2.1888615463414881E-06  1.3695281930719535E-09  5.7446457543704027E-10
  9920   99.200000      0.0000000000000000E+00  2.2879772443204388E-10  2.7723102409130849E-10  2.1720456953911484E-06  1.4396845270574419E-09  5.5654794866930718E-10
  9940   99.400000      0.0000000000000000E+00  1.3498826678802197E-10  2.5644029286891191E-10  2.1549723486657317E-06  1.4091980046409115E-09  5.8725815151518408E-10
  9960   99.600000      0.0000000000000000E+00  1.2669711367340101E-10  2.4636801426571875E-10  2.1392659820259083E-06  1.2917683243237710E-09  5.5771963980798611E-10
  9980   99.800000      0.0000000000000000E+00  2.8673495294456981E-10  4.1597026894075581E-10  2.1260908447608635E-06  1.0002422338731624E-09  3.9471912910238140E-10
 10000   100.00000      0.0000000000000000E+00  2.5858843556268149E-10  3.9439467426579688E-10  2.1148133269469755E-06  8.5621852336578570E-10  3.5687644050853174E-10
