! EM field energy per field component
  Iter        Time                          B1                      B2                      B3                      E1                      E2                      E3
     0   0.0000000      0.0000000000000000E+00  0.0000000000000000E+00  0.0000000000000000E+00  0.0000000000000000E+00  0.0000000000000000E+00  0.0000000000000000E+00
     4  0.20000000      0.0000000000000000E+00  5.4964812354185013E-10  5.5722828434086853E-10  2.3936419041151646E-09  5.5471502769490097E-10  5.8108715614668083E-10
     8  0.40000000      0.0000000000000000E+00  1.1854691304792162E-09  7.4140343389245525E-10  8.1373732679983146E-09  1.3565377115853792E-09  1.0453063214377920E-09
    12  0.60000000      0.0000000000000000E+00  1.8422798280962488E-09  1.5323127848500656E-09  1.4910324131764769E-08  1.9626689357176947E-09  1.2153288532441619E-09
    16  0.80000000      0.0000000000000000E+00  2.3103227780410427E-09  2.2822503639121346E-09  2.2293761453591362E-08  2.5072108684235981E-09  1.5555582603750415E-09
    20   1.0000000      0.0000000000000000E+00  2.4364569246843317E-09  2.6302941261704536E-09  3.0435002835880304E-08  2.9826589010665909E-09  1.6996777178180297E-09
    24   1.2000000      0.0000000000000000E+00  2.4895021763785118E-09  2.3952830060517896E-09  4.1283847852258361E-08  3.5287830687795642E-09  1.5543577613650996E-09
    28   1.4000000      0.0000000000000000E+00  2.8026719057610780E-09  2.1424550258724474E-09  6.4046366292898773E-08  3.9287608394840345E-09  1.6689693297603161E-09
    32   1.6000000      0.0000000000000000E+00  2.6942056054506291E-09  2.0759744721355083E-09  1.1305552715764997E-07  3.7432154656064779E-09  1.7202179956632619E-09
    36   1.8000000      0.0000000000000000E+00  2.6847368758461216E-09  2.4129454508623493E-09  2.0722393794895437E-07  3.1422213176887792E-09  1.4533929100941650E-09
    40   2.0000000      0.0000000000000000E+00  2.4282349437469409E-09  2.5866074435701279E-09  3.7083731377693917E-07  2.5561252478096874E-09  1.3836166918866728E-09
    44   2.2000000      0.0000000000000000E+00  1.8895667305683523E-09  2.6400631067462310E-09  6.2741585703287128E-07  2.1666857039590837E-09  1.3799238964411013E-09
    48   2.4000000      0.0000000000000000E+00  1.7528549336012806E-09  2.6979808003718178E-09  9.9557529397648870E-07  1.8371508592949567E-09  1.1048093607569274E-09
    52   2.6000000      0.0000000000000000E+00  1.9146705146709549E-09  2.7570647426810413E-09  1.4857781292232561E-06  1.4693389844768549E-09  8.0350309908655740E-10
    56   2.8000000      0.0000000000000000E+00  1.9589422184441049E-09  2.8927621296402443E-09  2.0966056760427025E-06  1.1137979430766066E-09  6.9205821077555842E-10
    60   3.0000000      0.0000000000000000E+00  2.0733290828993946E-09  2.7525223237638950E-09  2.8139823864620251E-06  9.9450475931026510E-10  5.5376279840642220E-10
    64   3.2000000      0.0000000000000000E+00  2.0756612963796487E-09  2.0494348836050771E-09  3.6137623191053428E-06  1.3587217000181285E-09  7.8191869799919333E-10
    68   3.4000000      0.0000000000000000E+00  1.4109267572650173E-09  1.3830601769545724E-09  4.4636495520105787E-06  1.9395101196926319E-09  1.3760216639367187E-09
    72   3.6000000      0.0000000000000000E+00  1.8676342395159665E-09  1.0592562840544042E-09  5.3287300021013252E-06  2.0404393640897423E-09  1.3084360527872658E-09
    76   3.8000000      0.0000000000000000E+00  2.2378740122155831E-09  1.2360566736710907E-09  6.1733608764408891E-06  1.8578233993383988E-09  1.0784636488520945E-09
    80   4.0000000      0.0000000000000000E+00  2.3057901104762269E-09  1.3072023984464431E-09  6.9636016620514115E-06  1.9389317251687103E-09  1.0500025352938081E-09
    84   4.2000000      0.0000000000000000E+00  2.3916470153557147E-09  1.0761387199207109E-09  7.6704952762575072E-06  2.3136369566062727E-09  1.1105404104601196E-09
    88   4.4000000      0.0000000000000000E+00  2.5881823956849792E-09  8.3827322111759878E-10  8.2716660158808372E-06  2.8004207736679952E-09  1.2609537458900231E-09
    92   4.6000000      0.0000000000000000E+00  2.4818305715068296E-09  8.5533297879273467E-10  8.7520796865866125E-06  3.1329644583399816E-09  1.6158733101973570E-09
    96   4.8000000      0.0000000000000000E+00  2.4842142622301629E-09  1.2857331681840314E-09  9.1025104963118424E-06  3.0738270534792319E-09  1.6223329308579817E-09
   100   5.0000000      0.0000000000000000E+00  2.3690176980904894E-09  1.4961656890703801E-09  9.3161426806356917E-06  3.0782892775057455E-09  1.6009980067595203E-09
   104   5.2000000      0.0000000000000000E+00  1.8119812952476925E-09  1.3080484325726246E-09  9.3921017716174252E-06  3.3009470411767925E-09  1.6778603773468416E-09
   108   5.4000000      0.0000000000000000E+00  1.5897969052921852E-09  1.3851385514277995E-09  9.3364328666339827E-06  3.1685638371114868E-09  1.4553283444412918E-09
   112   5.6000000      0.0000000000000000E+00  1.3128053542571035E-09  1.4376393126358251E-09  9.1615691377606312E-06  2.6278844022652891E-09  1.2087232382673909E-09
   116   5.8000000      0.0000000000000000E+00  1.2892111934207532E-09  1.7523288640362873E-09  8.8874670978270680E-06  1.8963507717390669E-09  1.0779683693781487E-09
   120   6.0000000      0.0000000000000000E+00  2.0651828128584777E-09  2.3864061550690731E-09  8.5419705491710536E-06  1.1754569183083819E-09  8.2776225726787081E-10
   124   6.2000000      0.0000000000000000E+00  2.6579221905952444E-09  2.6807986751035358E-09  8.1590217852313144E-06  9.2759381637621485E-10  7.4778946063257348E-10
   128   6.4000000      0.0000000000000000E+00  2.8638810847289379E-09  2.7800742566975557E-09  7.7779606506153018E-06  9.6489161826941961E-10  9.9990039426727580E-10
   132   6.6000000      0.0000000000000000E+00  3.5648177983428113E-09  3.3918861381969495E-09  7.4382625360311268E-06  7.9960876299452063E-10  7.6504846093758857E-10
   136   6.8000000      0.0000000000000000E+00  4.1415637624078861E-09  3.6756415191007658E-09  7.1723188734306833E-06  8.0440515361528036E-10  5.3430488521930714E-10
   140   7.0000000      0.0000000000000000E+00  4.5548643877623565E-09  3.6959351280667469E-09  6.9994477485792598E-06  1.3606309162549090E-09  7.7761990310249249E-10
   144   7.2000000      0.0000000000000000E+00  4.7031815452343147E-09  3.1006763542314703E-09  6.9209562064566813E-06  2.3920353113689747E-09  1.1439504222717798E-09
   148   7.4000000      0.0000000000000000E+00  4.0276811894243510E-09  2.3084692662402390E-09  6.9213351971874727E-06  3.3640512908439157E-09  1.5739330269892404E-09
   152   7.6000000      0.0000000000000000E+00  3.0225428449823504E-09  1.8626611468180370E-09  6.9732217558836051E-06  3.8515760149232349E-09  1.9669399217367123E-09
   156   7.8000000      0.0000000000000000E+00  2.3985334161873719E-09  1.8239351930819377E-09  7.0397250537548595E-06  3.8476837287297876E-09  2.0051909929942807E-09
   160   8.0000000      0.0000000000000000E+00  1.9786800819254213E-09  1.7460988584205200E-09  7.0824618049278487E-06  3.5791845561755413E-09  1.6894610037141108E-09
   164   8.2000000      0.0000000000000000E+00  1.6150282008757593E-09  1.3010216846395036E-09  7.0714646685538360E-06  3.3106337315321089E-09  1.5705498684583456E-09
   168   8.4000000      0.0000000000000000E+00  1.6215127234753040E-09  1.0071228992608769E-09  6.9909119597515123E-06  2.9115348059698490E-09  1.3428100549638313E-09
   172   8.6000000      0.0000000000000000E+00  2.0526644440982342E-09  9.1420707227651692E-10  6.8408714937705516E-06  2.1308551186346606E-09  9.2768964238400419E-10
   176   8.8000000      0.0000000000000000E+00  2.1109609585058679E-09  9.7103328886022440E-10  6.6362074096310440E-06  1.3247459042005343E-09  8.4799335207925963E-10
   180   9.0000000      0.0000000000000000E+00  1.8354285618492399E-09  1.0167325094935943E-09  6.4042947196277842E-06  9.0883083766020866E-10  9.0278239873426859E-10
   184   9.2000000      0.0000000000000000E+00  2.0546000878462807E-09  1.1171082600874204E-09  6.1787677817574024E-06  8.7492944572836686E-10  7.5069317045060051E-10
   188   9.4000000      0.0000000000000000E+00  2.4527585766371278E-09  1.2234534142463708E-09  5.9933811559663820E-06  1.1791164676694062E-09  8.8049913804543095E-10
   192   9.6000000      0.0000000000000000E+00  3.1731004794580753E-09  1.5880016970955166E-09  5.8732680489910212E-06  1.4190386665092843E-09  1.0424982840011970E-09
   196   9.8000000      0.0000000000000000E+00  4.1717150918785052E-09  2.4893536298771725E-09  5.8304602191932278E-06  1.3625905177168185E-09  5.9714809952393426E-10
   200   10.000000      0.0000000000000000E+00  4.2396796860745400E-09  2.7182456887505402E-09  5.8601316478987944E-06  1.8245223051848377E-09  8.7685939647457642E-10
   204   10.200000      0.0000000000000000E+00  3.4314451320823447E-09  2.6380478308651789E-09  5.9422492021239853E-06  2.6376423358412784E-09  1.4704450744262782E-09
   208   10.400000      0.0000000000000000E+00  2.9957325231984097E-09  2.6415768990632557E-09  6.0473897054599484E-06  3.1023057085640024E-09  1.5965812223400368E-09
   212   10.600000      0.0000000000000000E+00  2.6550521072099483E-09  2.8991970951438749E-09  6.1427069986985106E-06  3.1533109472248666E-09  1.6594787459011085E-09
   216   10.800000      0.0000000000000000E+00  2.7595042350656614E-09  3.2336421104322392E-09  6.1984561475382770E-06  2.9229743039801417E-09  1.6609217683460717E-09
   220   11.000000      0.0000000000000000E+00  2.8522390344712153E-09  3.4555470245526136E-09  6.1925808010782082E-06  2.7238871732277359E-09  1.3128407617736912E-09
   224   11.200000      0.0000000000000000E+00  2.7570341194144547E-09  3.3933046205334121E-09  6.1158100467899956E-06  2.8762315733445500E-09  1.2433391798862912E-09
   228   11.400000      0.0000000000000000E+00  2.4421226548872364E-09  3.3260352514890094E-09  5.9740580523485244E-06  2.9393933811046045E-09  1.4472053752048219E-09
   232   11.600000      0.0000000000000000E+00  2.5647760843770620E-09  3.3589387661307201E-09  5.7859052204472366E-06  2.6827253776263196E-09  1.3728395834361786E-09
   236   11.800000      0.0000000000000000E+00  2.8709648595490521E-09  3.4908429485418088E-09  5.5802808276758880E-06  2.3227945624702128E-09  1.2524179735580483E-09
   240   12.000000      0.0000000000000000E+00  3.2636922804673808E-09  3.1619209280977828E-09  5.3895600830076209E-06  2.0668647839273653E-09  1.2808326832245779E-09
   244   12.200000      0.0000000000000000E+00  3.3168283690912829E-09  2.7611545949950857E-09  5.2425237595679929E-06  1.8965541221790929E-09  1.1450692602245897E-09
   248   12.400000      0.0000000000000000E+00  3.4562155034597541E-09  2.2691757460198626E-09  5.1577523511518896E-06  1.6568679025412180E-09  8.6786516978757621E-10
   252   12.600000      0.0000000000000000E+00  3.3957840896192925E-09  2.2102335528675962E-09  5.1409740960117285E-06  1.2671012613407931E-09  7.9935302936393935E-10
   256   12.800000      0.0000000000000000E+00  3.4257263544748829E-09  2.0969916403987954E-09  5.1835721278350720E-06  8.4020903202862329E-10  6.2914413016860366E-10
   260   13.000000      0.0000000000000000E+00  3.2826529249566757E-09  1.8583565414664383E-09  5.2656989496685908E-06  7.4862873049956804E-10  4.9954027350848841E-10
   264   13.200000      0.0000000000000000E+00  2.6826267852115224E-09  1.7083017481484151E-09  5.3597825199057837E-06  1.3615211065345984E-09  1.0421182917195351E-09
   268   13.400000      0.0000000000000000E+00  2.0518051445863017E-09  1.2260513321556549E-09  5.4367993706793232E-06  2.0327356771688064E-09  1.3775406511503979E-09
   272   13.600000      0.0000000000000000E+00  2.1246053812202464E-09  1.6385585893886071E-09  5.4744690018191659E-06  2.3537610238292961E-09  1.2882244504847939E-09
   276   13.800000      0.0000000000000000E+00  2.2104717079871607E-09  1.7418254075065900E-09  5.4576234690218352E-06  2.7231317273823095E-09  1.3164726283134052E-09
   280   14.000000      0.0000000000000000E+00  2.1171866367922367E-09  1.7490686985051509E-09  5.3828129224362402E-06  3.2631939987002637E-09  1.4774050660170219E-09
   284   14.200000      0.0000000000000000E+00  2.0103662900829519E-09  1.6490950727198410E-09  5.2585927652391130E-06  3.8461051969301398E-09  1.5908677453459423E-09
   288   14.400000      0.0000000000000000E+00  1.8902486613892953E-09  1.8221496536965873E-09  5.1036740239786130E-06  4.1717820081601236E-09  1.9164153862701705E-09
   292   14.600000      0.0000000000000000E+00  2.2312136585194583E-09  2.4620137922952632E-09  4.9417723781679271E-06  3.7651713952244971E-09  1.9069443773062145E-09
   296   14.800000      0.0000000000000000E+00  3.1120862096943481E-09  3.4118504798873769E-09  4.7949489270931979E-06  2.8533003956668009E-09  1.5409758373710629E-09
   300   15.000000      0.0000000000000000E+00  3.7782048397497432E-09  3.9840416522131345E-09  4.6845068134817879E-06  2.1003327463947130E-09  1.2546030627758527E-09
   304   15.200000      0.0000000000000000E+00  4.3392445963481153E-09  4.2465556180778120E-09  4.6218642924581697E-06  1.5425046409480091E-09  9.0444252995204269E-10
   308   15.400000      0.0000000000000000E+00  4.7375527345072162E-09  4.4742204622633736E-09  4.6062688498164705E-06  9.9635912672198302E-10  5.3687888734631002E-10
   312   15.600000      0.0000000000000000E+00  4.6068370607664584E-09  4.6903350016962904E-09  4.6261069408629096E-06  6.1984863714832392E-10  5.1611679788902048E-10
   316   15.800000      0.0000000000000000E+00  4.5087999307834876E-09  4.8554971009347719E-09  4.6611523659676126E-06  4.2174401095568344E-10  5.4098269395753120E-10
   320   16.000000      0.0000000000000000E+00  4.1315453357637924E-09  4.5310838776593832E-09  4.6882023453044980E-06  7.1451036001507629E-10  6.0392015146307567E-10
   324   16.200000      0.0000000000000000E+00  3.3650539915263011E-09  3.7960568977895042E-09  4.6880091940686418E-06  1.6228550018641096E-09  1.1930023762870962E-09
   328   16.400000      0.0000000000000000E+00  2.7974741074868133E-09  2.9412610206800717E-09  4.6472108996121346E-06  2.3837726349838999E-09  1.4907870752541666E-09
   332   16.600000      0.0000000000000000E+00  2.6864563466089680E-09  2.7334817452330145E-09  4.5620799837913666E-06  2.7216170775660700E-09  1.3237097957658454E-09
   336   16.800000      0.0000000000000000E+00  2.5696131101947508E-09  2.4046179367571143E-09  4.4395873486988590E-06  2.9023012190943926E-09  1.3337524705814822E-09
   340   17.000000      0.0000000000000000E+00  2.4326444581693012E-09  2.1944044280182178E-09  4.2964734856260816E-06  3.1774989947107093E-09  1.4497059990693684E-09
   344   17.200000      0.0000000000000000E+00  2.3134276308040489E-09  1.9376479191551323E-09  4.1551282690451903E-06  3.4798576413996767E-09  1.5785393972172732E-09
   348   17.400000      0.0000000000000000E+00  2.2776649011717374E-09  1.7118980397723403E-09  4.0378664583291579E-06  3.4368328383633217E-09  1.7408197449141302E-09
   352   17.600000      0.0000000000000000E+00  2.2981281784833354E-09  1.6697298315828999E-09  3.9614323518869714E-06  2.9662790314485337E-09  1.7402437384651272E-09
   356   17.800000      0.0000000000000000E+00  2.7000321999890300E-09  1.9298507735246652E-09  3.9364548496989584E-06  2.3158148018358397E-09  1.2738618799310788E-09
   360   18.000000      0.0000000000000000E+00  3.3801518198699618E-09  1.9965346516338448E-09  3.9619073946002673E-06  1.8836050176345629E-09  1.0093704550660999E-09
   364   18.200000      0.0000000000000000E+00  3.4992031998578381E-09  1.9721019043463279E-09  4.0262013032995785E-06  1.9087593105511359E-09  1.0264115906689747E-09
   368   18.400000      0.0000000000000000E+00  3.6497889924928261E-09  2.1496871704958280E-09  4.1086204033429792E-06  1.8830493010492697E-09  8.7346660182548983E-10
   372   18.600000      0.0000000000000000E+00  3.7756632935707441E-09  2.6364821778844229E-09  4.1844252587323024E-06  1.6634566919454218E-09  8.4830130057498737E-10
   376   18.800000      0.0000000000000000E+00  3.2642242131375259E-09  2.8259667564236990E-09  4.2298082926457234E-06  1.5282384772836077E-09  1.1167764368911751E-09
   380   19.000000      0.0000000000000000E+00  3.0883674879543856E-09  3.1461444842460130E-09  4.2272620828052891E-06  1.4569220473941135E-09  9.9773413191160490E-10
   384   19.200000      0.0000000000000000E+00  3.0720346565784984E-09  3.4912661150859778E-09  4.1684753368203737E-06  1.6691960925142719E-09  9.1405880550560970E-10
   388   19.400000      0.0000000000000000E+00  2.4375920637721778E-09  3.7782814990937181E-09  4.0577682964091640E-06  1.9814122064164032E-09  1.2520486820242168E-09
   392   19.600000      0.0000000000000000E+00  2.6669565213738104E-09  4.4557921395283263E-09  3.9114031543983686E-06  1.7872784761845019E-09  9.0852237424639153E-10
   396   19.800000      0.0000000000000000E+00  2.9960002888632804E-09  5.3844747040449930E-09  3.7533341024287384E-06  1.6920258281786046E-09  7.4263083184186055E-10
   400   20.000000      0.0000000000000000E+00  2.8872398725531414E-09  5.0891148576887128E-09  3.6086274329924821E-06  2.2283912336883366E-09  1.2506793665899026E-09
   404   20.200000      0.0000000000000000E+00  2.9773236259297710E-09  4.8515524911901590E-09  3.5008488412673698E-06  2.9091173337068100E-09  1.5944827575352257E-09
   408   20.400000      0.0000000000000000E+00  3.4712735380732980E-09  4.6343866864542470E-09  3.4460277615733303E-06  3.3542870714525304E-09  1.6926589822700804E-09
   412   20.600000      0.0000000000000000E+00  3.5621091819895566E-09  4.6043449009500237E-09  3.4488785745134859E-06  3.4131309343580027E-09  1.7988472821787411E-09
   416   20.800000      0.0000000000000000E+00  3.9597959420991685E-09  4.6330771300096277E-09  3.5012338176661137E-06  3.1528232149155352E-09  1.5693624197266661E-09
   420   21.000000      0.0000000000000000E+00  4.1022874451043637E-09  3.9360238948913158E-09  3.5847995688688751E-06  3.0136714880752804E-09  1.2830471098871940E-09
   424   21.200000      0.0000000000000000E+00  3.8652250253706153E-09  3.0277535075180584E-09  3.6741896888994984E-06  2.9364247814439338E-09  1.3789503231015355E-09
   428   21.400000      0.0000000000000000E+00  3.6025845449507382E-09  2.3501114827981926E-09  3.7434225458418914E-06  2.4872351617198406E-09  1.3314967077286859E-09
   432   21.600000      0.0000000000000000E+00  3.0497263595009130E-09  2.1134474407680134E-09  3.7705374461927384E-06  1.6817342479175665E-09  1.0559043939976652E-09
   436   21.800000      0.0000000000000000E+00  2.1500998990452282E-09  2.1579198423295814E-09  3.7430624617175833E-06  9.3121712580564737E-10  8.7793617831531093E-10
   440   22.000000      0.0000000000000000E+00  1.5999346055718531E-09  2.2777465468268819E-09  3.6579472462122383E-06  5.3353886908500076E-10  7.6612328494352465E-10
   444   22.200000      0.0000000000000000E+00  1.4778797698481190E-09  2.1272882474691593E-09  3.5240541594875489E-06  6.0523686725659893E-10  5.3734831499785652E-10
   448   22.400000      0.0000000000000000E+00  1.6269259778430206E-09  1.8749166229452438E-09  3.3598041286299911E-06  9.4678790646135855E-10  6.1989112442629944E-10
   452   22.600000      0.0000000000000000E+00  1.9508328957556491E-09  1.8833428844967269E-09  3.1889736501627724E-06  1.3761391891860165E-09  8.6371051419490152E-10
   456   22.800000      0.0000000000000000E+00  2.6829080309939410E-09  2.1119911812876763E-09  3.0369003072455265E-06  1.8150354436350147E-09  8.6765816046151483E-10
   460   23.000000      0.0000000000000000E+00  2.8327006292387573E-09  2.2714284914181168E-09  2.9229380162358435E-06  2.6631627957221993E-09  1.3236621887402116E-09
   464   23.200000      0.0000000000000000E+00  2.5935233441435122E-09  2.5190360156483915E-09  2.8593708789562804E-06  3.6911779045129182E-09  1.9131294796486432E-09
   468   23.400000      0.0000000000000000E+00  2.6164192213762463E-09  3.2340631868225059E-09  2.8494900801305418E-06  4.0783239660180780E-09  1.9449238929875163E-09
   472   23.600000      0.0000000000000000E+00  2.9920440262689711E-09  4.0738048183443534E-09  2.8844270909416547E-06  3.8390506368262720E-09  1.6939546295471234E-09
   476   23.800000      0.0000000000000000E+00  3.3903816246447463E-09  4.8454664637820668E-09  2.9467592581912237E-06  3.3387500327297872E-09  1.5210990212386602E-09
   480   24.000000      0.0000000000000000E+00  4.1640358310046210E-09  5.2538827451962885E-09  3.0153227503535582E-06  2.8344721528617164E-09  1.2381673848074318E-09
   484   24.200000      0.0000000000000000E+00  4.3299824422346368E-09  5.0792224460628942E-09  3.0687827737066930E-06  2.5594838272918250E-09  1.2741775459988160E-09
   488   24.400000      0.0000000000000000E+00  3.8475584761741045E-09  4.9686644878673659E-09  3.0909792094190666E-06  2.1351321926594401E-09  1.3648046648791775E-09
   492   24.600000      0.0000000000000000E+00  3.5433797860433419E-09  5.3764515266283655E-09  3.0722100211742137E-06  1.3852594529361265E-09  1.0876918850104899E-09
   496   24.800000      0.0000000000000000E+00  3.2393558284886853E-09  5.4809821856285158E-09  3.0114534674693221E-06  9.0785681365336876E-10  8.6395519525658768E-10
   500   25.000000      0.0000000000000000E+00  2.7605966416367990E-09  5.0547929222695059E-09  2.9184649093976584E-06  9.3643301554015135E-10  7.7054415546185186E-10
   504   25.200000      0.0000000000000000E+00  2.6041196006366422E-09  4.4901472834670044E-09  2.8103771040828341E-06  1.2279883475054908E-09  6.6317019422061826E-10
   508   25.400000      0.0000000000000000E+00  2.3906247495056252E-09  3.8257963289938495E-09  2.7068493358948666E-06  1.6253274769061385E-09  7.9942461550751480E-10
   512   25.600000      0.0000000000000000E+00  1.9266758783532108E-09  3.3626976217301882E-09  2.6257714396826236E-06  1.8335766053809335E-09  1.0932664599431773E-09
   516   25.800000      0.0000000000000000E+00  2.0044760515885554E-09  2.9603137787734479E-09  2.5797611231980998E-06  1.8848481814027113E-09  1.0388181694314947E-09
   520   26.000000      0.0000000000000000E+00  1.9220669191860200E-09  2.4715162696801891E-09  2.5747854397421852E-06  2.2680293134430716E-09  1.2593410434193535E-09
   524   26.200000      0.0000000000000000E+00  1.9375756831527605E-09  1.8030649852073462E-09  2.6092135439115134E-06  2.7625645087233386E-09  1.5750164080561292E-09
   528   26.400000      0.0000000000000000E+00  2.2392655079811387E-09  1.7053272375588894E-09  2.6728433879438539E-06  2.8775717850141192E-09  1.4279123507097048E-09
   532   26.600000      0.0000000000000000E+00  2.3971384427964693E-09  1.7071962111154120E-09  2.7477190882635015E-06  2.7197699909767334E-09  1.2533004793114270E-09
   536   26.800000      0.0000000000000000E+00  2.3625496875320077E-09  1.9242218636101109E-09  2.8152277394993667E-06  2.6622509294648586E-09  1.2662551071705316E-09
   540   27.000000      0.0000000000000000E+00  2.3419133815312552E-09  1.6877006914951195E-09  2.8580734323559482E-06  2.9046410279907277E-09  1.3935307649520680E-09
   544   27.200000      0.0000000000000000E+00  2.1178079992976380E-09  1.6332136483923655E-09  2.8628644006887146E-06  3.1997396035244299E-09  1.5889691743792976E-09
   548   27.400000      0.0000000000000000E+00  1.8232227611177666E-09  1.9234818784112071E-09  2.8247973492295625E-06  3.1656198110094729E-09  1.8261745211989462E-09
   552   27.600000      0.0000000000000000E+00  1.9542992045201602E-09  2.6793259750150663E-09  2.7480960090984814E-06  2.6632198897178681E-09  1.5187980523179211E-09
   556   27.800000      0.0000000000000000E+00  2.0680151183147397E-09  3.6929676654135259E-09  2.6453944777363006E-06  1.9676228605350500E-09  1.0770798205424789E-09
   560   28.000000      0.0000000000000000E+00  1.9056247820313212E-09  4.2096997374063278E-09  2.5342333108221367E-06  1.5726560519081489E-09  9.3941114148537141E-10
   564   28.200000      0.0000000000000000E+00  2.0413757176609411E-09  4.3991497040415341E-09  2.4333619273671459E-06  1.4128200400690421E-09  7.8230550973090865E-10
   568   28.400000      0.0000000000000000E+00  2.2751947217904641E-09  4.6535353845739069E-09  2.3589747997298785E-06  1.1042432545396715E-09  5.7784167227350616E-10
   572   28.600000      0.0000000000000000E+00  2.6589176075566016E-09  4.9633357768479887E-09  2.3217284741469292E-06  8.8197866721299841E-10  7.7717720096782679E-10
   576   28.800000      0.0000000000000000E+00  3.1408752051800235E-09  5.1072975117713190E-09  2.3233265876170511E-06  8.4282053490444254E-10  8.6409308109174630E-10
   580   29.000000      0.0000000000000000E+00  3.5186475300357909E-09  5.1112610023250499E-09  2.3587358009227770E-06  1.1742226431413421E-09  6.6561752309570487E-10
   584   29.200000      0.0000000000000000E+00  3.0432545963207040E-09  4.9146704134667101E-09  2.4160933357068876E-06  2.1531697771062804E-09  1.1991521214853181E-09
   588   29.400000      0.0000000000000000E+00  2.4526614030427770E-09  4.8621460761038971E-09  2.4789168402312347E-06  2.8649006996475471E-09  1.4367160380278518E-09
   592   29.600000      0.0000000000000000E+00  2.2828600703286105E-09  4.8985196311642228E-09  2.5296986664050310E-06  3.1240607899591551E-09  1.2740671244948967E-09
   596   29.800000      0.0000000000000000E+00  1.9755858332883308E-09  4.6054983462906349E-09  2.5539957217663294E-06  3.4893315103359804E-09  1.6057887576121651E-09
   600   30.000000      0.0000000000000000E+00  1.7635590824124850E-09  3.8287270928111914E-09  2.5426715786081564E-06  3.8526903772838101E-09  1.9977274885512313E-09
   604   30.200000      0.0000000000000000E+00  1.8690930842760100E-09  2.6430439782883966E-09  2.4952636222205212E-06  3.9563312025571524E-09  1.9802435983762309E-09
   608   30.400000      0.0000000000000000E+00  1.9417726599468068E-09  1.9917080708911050E-09  2.4186356540161787E-06  3.5047893929649514E-09  1.8452157632656533E-09
   612   30.600000      0.0000000000000000E+00  2.1064682967622537E-09  1.6875441961252861E-09  2.3249520343944243E-06  2.4904952125856955E-09  1.4691682592392241E-09
   616   30.800000      0.0000000000000000E+00  2.4305725359028309E-09  1.6488981081633675E-09  2.2292648796718481E-06  1.5112280384244210E-09  7.7888943720264109E-10
   620   31.000000      0.0000000000000000E+00  2.1124203274295996E-09  1.4010493784825533E-09  2.1462447458877865E-06  1.0445684502290471E-09  5.7681784272270880E-10
   624   31.200000      0.0000000000000000E+00  1.7113422337588462E-09  1.4546627765095658E-09  2.0869595567102091E-06  9.3562411607957922E-10  6.9631651998974858E-10
   628   31.400000      0.0000000000000000E+00  1.5249349847780234E-09  1.7440750190094934E-09  2.0578484836024931E-06  8.7248045740401561E-10  7.2399909511984284E-10
   632   31.600000      0.0000000000000000E+00  1.4667192384425705E-09  2.0561633662590091E-09  2.0586452967691581E-06  8.7492602145482525E-10  7.2837367972487114E-10
   636   31.800000      0.0000000000000000E+00  1.4700594261321170E-09  2.5956351860176550E-09  2.0829617359250100E-06  1.1408289023475648E-09  9.3815231129087766E-10
   640   32.000000      0.0000000000000000E+00  1.6621636067703415E-09  2.8252143282672722E-09  2.1196558490312721E-06  1.7069218784325993E-09  9.4579821839368051E-10
   644   32.200000      0.0000000000000000E+00  1.8780076289477863E-09  2.7871706428964262E-09  2.1573145574987735E-06  2.4592446000232778E-09  1.0621295539420899E-09
   648   32.400000      0.0000000000000000E+00  1.9262156906798068E-09  3.0031554256280385E-09  2.1838406296282198E-06  3.0403394273138153E-09  1.4847528716485900E-09
   652   32.600000      0.0000000000000000E+00  2.3001332778619206E-09  3.5730492126867415E-09  2.1896938999033602E-06  3.0919610534909909E-09  1.4756087898052894E-09
   656   32.800000      0.0000000000000000E+00  2.5598871357328110E-09  4.2481603426687967E-09  2.1708433605560257E-06  2.9373343924179008E-09  1.4673041620330491E-09
   660   33.000000      0.0000000000000000E+00  2.6023367623403433E-09  4.6358940319038329E-09  2.1289780225929074E-06  3.1043001444263054E-09  1.7797509598740325E-09
   664   33.200000      0.0000000000000000E+00  2.7539659655669242E-09  4.7987450862075453E-09  2.0710944151735500E-06  3.1789971433407773E-09  1.8222456440148282E-09
   668   33.400000      0.0000000000000000E+00  3.1298179071078311E-09  5.1052214810287884E-09  2.0085913100270201E-06  2.8465742489780570E-09  1.4651668169066182E-09
   672   33.600000      0.0000000000000000E+00  3.2834773779854333E-09  5.3791368468363389E-09  1.9532652824378534E-06  2.3791683326870255E-09  1.2059358874158269E-09
   676   33.800000      0.0000000000000000E+00  3.3235442608943293E-09  5.2915661051074748E-09  1.9138421786217905E-06  1.9891916714235080E-09  9.2420379954816504E-10
   680   34.000000      0.0000000000000000E+00  2.9685035442741252E-09  4.6312681270813470E-09  1.8943632815859987E-06  1.9586582212909037E-09  9.0142261373786212E-10
   684   34.200000      0.0000000000000000E+00  2.2886839559293196E-09  3.5653589031121651E-09  1.8937940740686144E-06  2.1957855322706299E-09  1.2143243671239514E-09
   688   34.400000      0.0000000000000000E+00  2.0232052243753717E-09  2.7513897768153077E-09  1.9082765904172463E-06  2.0049086316649969E-09  1.2037031707146346E-09
   692   34.600000      0.0000000000000000E+00  1.8402297162951726E-09  2.4215419532690617E-09  1.9320096340131738E-06  1.5219388763482325E-09  9.8859821523041084E-10
   696   34.800000      0.0000000000000000E+00  1.6477742522321160E-09  1.7812558108719959E-09  1.9565227020075697E-06  1.2618278551617726E-09  8.2697122044448451E-10
   700   35.000000      0.0000000000000000E+00  1.5688452937776041E-09  1.6002204663308740E-09  1.9721766193987221E-06  1.2454523821273970E-09  6.9914586637549175E-10
   704   35.200000      0.0000000000000000E+00  1.3139468827940515E-09  1.5131842462517238E-09  1.9727767311063119E-06  1.4982713078132758E-09  7.0442922002344722E-10
   708   35.400000      0.0000000000000000E+00  9.6551098802718248E-10  1.5654220834021787E-09  1.9551113940592040E-06  1.8415572209284573E-09  1.1334231691737726E-09
   712   35.600000      0.0000000000000000E+00  1.1241940470510094E-09  1.8233437640929590E-09  1.9201852196300287E-06  1.9645371980861252E-09  1.2286945858050282E-09
   716   35.800000      0.0000000000000000E+00  1.4767165064697545E-09  2.0461033281390090E-09  1.8740333155261239E-06  2.3121153979172075E-09  1.3060434722197033E-09
   720   36.000000      0.0000000000000000E+00  1.4825934693080869E-09  1.8647437928978950E-09  1.8248969930872091E-06  3.0110615453246890E-09  1.6649428458778117E-09
   724   36.200000      0.0000000000000000E+00  1.6531400276959044E-09  1.5114462653913238E-09  1.7821258677322792E-06  3.6163391338556675E-09  1.7945624356018440E-09
   728   36.400000      0.0000000000000000E+00  2.1561791960825938E-09  1.4972732411797028E-09  1.7541102660075554E-06  3.7050330283012031E-09  1.6409529158183859E-09
   732   36.600000      0.0000000000000000E+00  2.6090897200060944E-09  1.8316424263706501E-09  1.7453520641129125E-06  3.3694045904013653E-09  1.5030490903888623E-09
   736   36.800000      0.0000000000000000E+00  2.8044011276345338E-09  2.2045222315287584E-09  1.7551729733395216E-06  2.9624234655530751E-09  1.4164668916670752E-09
   740   37.000000      0.0000000000000000E+00  2.8048548725143849E-09  2.7493923476081122E-09  1.7796698088176151E-06  2.6027722806718687E-09  1.2909715045879136E-09
   744   37.200000      0.0000000000000000E+00  2.3069227698265223E-09  3.4539320143936533E-09  1.8114671628566678E-06  2.1707368566683261E-09  1.3642489272306304E-09
   748   37.400000      0.0000000000000000E+00  1.9497685644715388E-09  4.3655185507023901E-09  1.8407320891877959E-06  1.4825739345265589E-09  1.1345908226838020E-09
   752   37.600000      0.0000000000000000E+00  2.1545030980538302E-09  5.2885327547337968E-09  1.8587006442616524E-06  6.1850176837007143E-10  5.6994442716822491E-10
   756   37.800000      0.0000000000000000E+00  2.2213278703620748E-09  5.5893764620934117E-09  1.8601251357321325E-06  2.1297267401330225E-10  3.3773154519530643E-10
   760   38.000000      0.0000000000000000E+00  2.1444735538743759E-09  5.1369051423576811E-09  1.8434219582802930E-06  5.6470263885369559E-10  5.0647844915643533E-10
   764   38.200000      0.0000000000000000E+00  2.1289360384958010E-09  4.4376313638671574E-09  1.8111344069814948E-06  1.2161976639233546E-09  6.3301076824346334E-10
   768   38.400000      0.0000000000000000E+00  2.1639693035324261E-09  3.6988989048408956E-09  1.7689299512495438E-06  1.9311353947082078E-09  1.0722606995186621E-09
   772   38.600000      0.0000000000000000E+00  1.8699895713797563E-09  3.1086104861383056E-09  1.7249993983399157E-06  2.5668523493708233E-09  1.6219479544390653E-09
   776   38.800000      0.0000000000000000E+00  2.3714996280919625E-09  2.8480193053592619E-09  1.6868203816430196E-06  2.9124786228254884E-09  1.4400090975435755E-09
   780   39.000000      0.0000000000000000E+00  2.3158644746260330E-09  2.1161890689109639E-09  1.6607744123756663E-06  3.5454067438970944E-09  1.6397384627932873E-09
   784   39.200000      0.0000000000000000E+00  2.1822862638262164E-09  1.4536754063608240E-09  1.6520988794680891E-06  4.0619024313637645E-09  1.9227000238137415E-09
   788   39.400000      0.0000000000000000E+00  2.2953839780495271E-09  1.4993307038932042E-09  1.6619498854723254E-06  3.7548277463041074E-09  1.5680491121700700E-09
   792   39.600000      0.0000000000000000E+00  2.1874570413583214E-09  1.5970702503440352E-09  1.6876556871895224E-06  3.1252724350432786E-09  1.3492604739120578E-09
   796   39.800000      0.0000000000000000E+00  1.8405733694783918E-09  1.9794617319756152E-09  1.7232963434921783E-06  2.6087230057154299E-09  1.4726619050653066E-09
   800   40.000000      0.0000000000000000E+00  1.5963429570942022E-09  2.0026439866783597E-09  1.7595398679581344E-06  2.2528171375614353E-09  1.3440681379261971E-09
   804   40.200000      0.0000000000000000E+00  1.0537630864898458E-09  1.9019525717441179E-09  1.7865500429110072E-06  2.0323964061370294E-09  1.2088608073759364E-09
   808   40.400000      0.0000000000000000E+00  1.0250672677745408E-09  1.9591429643026237E-09  1.7967438462631409E-06  1.5694133272660289E-09  1.1098054989607360E-09
   812   40.600000      0.0000000000000000E+00  1.2356322090910662E-09  2.4295588207943702E-09  1.7860828184213992E-06  1.0491615794047961E-09  6.7888019996030794E-10
   816   40.800000      0.0000000000000000E+00  1.5189624908585235E-09  2.3830891163912898E-09  1.7562013446099072E-06  9.4256328799376284E-10  4.9300461893090955E-10
   820   41.000000      0.0000000000000000E+00  1.6821636064032165E-09  2.6351672600437660E-09  1.7124541951146708E-06  1.2755243931477718E-09  7.8776992890796986E-10
   824   41.200000      0.0000000000000000E+00  1.4844733766935747E-09  2.8602823545973060E-09  1.6632593773213255E-06  1.7027563036477897E-09  1.1060827746418072E-09
   828   41.400000      0.0000000000000000E+00  1.6012956338660658E-09  3.3474356484309286E-09  1.6183321446319606E-06  1.8523828811873842E-09  1.1036915730681995E-09
   832   41.600000      0.0000000000000000E+00  2.1039458407248286E-09  3.8675035370344866E-09  1.5856884708449685E-06  1.8489937416918796E-09  1.2440729938065232E-09
   836   41.800000      0.0000000000000000E+00  2.4955722119753983E-09  4.2933864804319680E-09  1.5704766632783547E-06  1.9239745005786965E-09  1.1798725745093874E-09
   840   42.000000      0.0000000000000000E+00  2.9397034021185547E-09  4.4544451080204004E-09  1.5738935596619562E-06  2.2181650309418977E-09  9.9369598042313646E-10
   844   42.200000      0.0000000000000000E+00  2.9443775379411858E-09  3.7858050504118489E-09  1.5924978623788707E-06  2.7808042161574970E-09  1.3203588168181231E-09
   848   42.400000      0.0000000000000000E+00  2.7063175049710063E-09  3.6668590579622466E-09  1.6198962192468994E-06  3.1139965626549935E-09  1.5490055741983284E-09
   852   42.600000      0.0000000000000000E+00  2.8418693463935951E-09  3.7299567310564982E-09  1.6484605145817794E-06  3.0564146438808512E-09  1.4382365847785211E-09
   856   42.800000      0.0000000000000000E+00  2.5578634384268234E-09  3.4842905226499918E-09  1.6706280219543165E-06  3.1766848530200858E-09  1.6206974195524561E-09
   860   43.000000      0.0000000000000000E+00  1.8073301664605669E-09  3.3794782081895271E-09  1.6806338762317488E-06  3.4092466373920794E-09  1.8516781766628175E-09
   864   43.200000      0.0000000000000000E+00  1.4600867306639671E-09  3.2133156778153763E-09  1.6765376494422645E-06  3.3207807343544313E-09  1.6292969042631600E-09
   868   43.400000      0.0000000000000000E+00  1.2191697249750952E-09  3.4608905809066860E-09  1.6590097338296952E-06  2.7892496419138189E-09  1.3479270553123845E-09
   872   43.600000      0.0000000000000000E+00  1.0928304738022356E-09  3.6218769471338624E-09  1.6322388291711618E-06  1.9576845002483932E-09  9.9976885037828768E-10
   876   43.800000      0.0000000000000000E+00  1.4503577726904154E-09  3.5309358381420629E-09  1.6035080575734530E-06  1.2410802572886762E-09  6.6840885867606502E-10
   880   44.000000      0.0000000000000000E+00  1.3929092959200452E-09  2.8536091745302129E-09  1.5817184052144118E-06  1.0746980704433520E-09  7.7447585459460048E-10
   884   44.200000      0.0000000000000000E+00  1.2654344132187168E-09  1.8704980080111382E-09  1.5742559974896935E-06  1.0458158721044809E-09  8.9312636794902455E-10
   888   44.400000      0.0000000000000000E+00  1.4088775901256715E-09  1.4971802025311026E-09  1.5862106850307751E-06  7.9712449691806661E-10  7.6726245476269561E-10
   892   44.600000      0.0000000000000000E+00  1.6121396796863083E-09  1.2440260946766040E-09  1.6182102412149062E-06  8.3707707008670119E-10  7.4015207285913106E-10
   896   44.800000      0.0000000000000000E+00  1.7118382037464615E-09  1.1509936607948787E-09  1.6674105922280918E-06  1.3047516412161854E-09  8.5906609226646885E-10
   900   45.000000      0.0000000000000000E+00  2.1037616403850200E-09  1.2432693135060288E-09  1.7256861240060157E-06  2.1277250052020736E-09  9.0335156753527873E-10
   904   45.200000      0.0000000000000000E+00  1.8587584431891909E-09  1.4727593433807746E-09  1.7821607262222438E-06  3.1981571869381071E-09  1.4876706725761800E-09
   908   45.400000      0.0000000000000000E+00  1.6362863345618396E-09  2.0947684367319060E-09  1.8270427101754853E-06  3.7157000307972047E-09  1.8557855700792468E-09
   912   45.600000      0.0000000000000000E+00  1.8675381487797301E-09  3.1985684516503973E-09  1.8518590783888036E-06  3.7228199544608711E-09  1.8303509251765097E-09
   916   45.800000      0.0000000000000000E+00  1.9380783223970887E-09  3.8711123895676682E-09  1.8524604766562532E-06  3.6064041380781754E-09  1.8558093827985796E-09
   920   46.000000      0.0000000000000000E+00  2.0822986158662763E-09  4.0691559093740838E-09  1.8278083520950986E-06  3.4464826926033203E-09  1.7913422275547215E-09
   924   46.200000      0.0000000000000000E+00  2.1917571703001039E-09  4.0525132334394937E-09  1.7828669552715943E-06  2.9744320133194978E-09  1.4054323292398907E-09
   928   46.400000      0.0000000000000000E+00  2.3493624980524969E-09  4.1341620481879239E-09  1.7268623824193358E-06  2.1417113552802645E-09  1.0083220175677769E-09
   932   46.600000      0.0000000000000000E+00  2.0028095959872041E-09  4.2826210776504932E-09  1.6713521847507833E-06  1.3035336916701749E-09  7.7901014376542581E-10
   936   46.800000      0.0000000000000000E+00  1.9699588351123551E-09  4.0886420326496140E-09  1.6278064068161263E-06  8.8629851150270646E-10  6.2172701252613132E-10
   940   47.000000      0.0000000000000000E+00  2.1873888034605819E-09  3.6282145563579898E-09  1.6063959830815213E-06  9.2439245956470452E-10  8.0440811847352422E-10
   944   47.200000      0.0000000000000000E+00  2.3706487592283316E-09  3.1167238627728722E-09  1.6129210099206830E-06  1.2629655461424844E-09  1.0882690572239771E-09
   948   47.400000      0.0000000000000000E+00  2.6945513179348092E-09  3.0514933618573917E-09  1.6463046570277230E-06  1.3746874259254730E-09  9.2430148510019391E-10
   952   47.600000      0.0000000000000000E+00  3.1491268241840199E-09  3.1129643429629029E-09  1.6993061852657823E-06  1.4257799217171972E-09  7.4261735269145882E-10
   956   47.800000      0.0000000000000000E+00  2.4557316906651413E-09  2.8333748235016479E-09  1.7619086941183011E-06  1.8999465326927954E-09  1.0190869082382401E-09
   960   48.000000      0.0000000000000000E+00  1.8407103174521904E-09  2.2910138072467183E-09  1.8220901907326643E-06  2.5396044028288017E-09  1.1859122302412835E-09
   964   48.200000      0.0000000000000000E+00  1.6953194180925904E-09  1.8777326037468117E-09  1.8674038197190315E-06  3.0423023249341164E-09  1.3720896577390388E-09
   968   48.400000      0.0000000000000000E+00  1.3981968879643610E-09  1.4397217118004767E-09  1.8878172444185876E-06  3.2923712364102115E-09  1.9126775117938461E-09
   972   48.600000      0.0000000000000000E+00  1.8361643067574358E-09  1.6975624458693930E-09  1.8791645795289499E-06  2.9682785571675014E-09  1.6691074728968044E-09
   976   48.800000      0.0000000000000000E+00  2.4089737334933534E-09  2.1959549511686412E-09  1.8431529494078259E-06  2.7346038122973526E-09  1.3518995489606909E-09
   980   49.000000      0.0000000000000000E+00  1.9640325262050560E-09  2.1450914308073039E-09  1.7867672870966249E-06  2.9423408503484112E-09  1.5211542437831421E-09
   984   49.200000      0.0000000000000000E+00  1.7340624611541288E-09  2.4162473920568462E-09  1.7211429165476720E-06  2.9637865395953069E-09  1.4305854298712982E-09
   988   49.400000      0.0000000000000000E+00  1.7868681697158363E-09  2.9013764524543179E-09  1.6592030474965477E-06  2.6183028550500564E-09  1.1338150405862559E-09
   992   49.600000      0.0000000000000000E+00  1.6493413505885835E-09  3.1113707210919583E-09  1.6138747855020640E-06  2.2598364754617538E-09  1.2071281955538492E-09
   996   49.800000      0.0000000000000000E+00  2.2058437280634219E-09  2.7572777745637246E-09  1.5948942541225600E-06  2.0244869233041500E-09  1.2199454302899339E-09
  1000   50.000000      0.0000000000000000E+00  2.7086587179496816E-09  2.3746175147135780E-09  1.6060330301214689E-06  1.9825016013951772E-09  1.1146919227857256E-09
