! Kinetic energy for species "electrons"
  Iter        Time          Total Par.             Kin. Energy
     0   0.0000000            9600000  2.8406102058187763E-02
     4  0.20000000            9600000  2.8406097552187065E-02
     8  0.40000000            9600000  2.8406089675516180E-02
    12  0.60000000            9600000  2.8406081943505482E-02
    16  0.80000000            9600000  2.8406081867437989E-02
    20   1.0000000            9600000  2.8406103501995565E-02
    24   1.2000000            9600000  2.8406164964871992E-02
    28   1.4000000            9600000  2.8406284013857763E-02
    32   1.6000000            9600000  2.8406479803651349E-02
    36   1.8000000            9600000  2.8406765988175809E-02
    40   2.0000000            9600000  2.8407150376968608E-02
    44   2.2000000            9600000  2.8407636565981526E-02
    48   2.4000000            9600000  2.8408225568699409E-02
    52   2.6000000            9600000  2.8408918685150383E-02
    56   2.8000000            9600000  2.8409718674284094E-02
    60   3.0000000            9600000  2.8410628549123292E-02
    64   3.2000000            9600000  2.8411647679668108E-02
    68   3.4000000            9600000  2.8412768190983158E-02
    72   3.6000000            9600000  2.8413970064221996E-02
    76   3.8000000            9600000  2.8415222550577476E-02
    80   4.0000000            9600000  2.8416484543033332E-02
    84   4.2000000            9600000  2.8417709309789700E-02
    88   4.4000000            9600000  2.8418850532234117E-02
    92   4.6000000            9600000  2.8419869773072433E-02
    96   4.8000000            9600000  2.8420743040236743E-02
   100   5.0000000            9600000  2.8421465186690403E-02
   104   5.2000000            9600000  2.8422048478367157E-02
   108   5.4000000            9600000  2.8422518716828556E-02
   112   5.6000000            9600000  2.8422912124200943E-02
   116   5.8000000            9600000  2.8423267263175594E-02
   120   6.0000000            9600000  2.8423622494661561E-02
   124   6.2000000            9600000  2.8424002660625586E-02
   128   6.4000000            9600000  2.8424380769890633E-02
   132   6.6000000            9600000  2.8424717234228829E-02
   136   6.8000000            9600000  2.8424980589116591E-02
   140   7.0000000            9600000  2.8425151199314332E-02
   144   7.2000000            9600000  2.8425228251093143E-02
   148   7.4000000            9600000  2.8425227557475112E-02
   152   7.6000000            9600000  2.8425176518754258E-02
   156   7.8000000            9600000  2.8425111549116984E-02
   160   8.0000000            9600000  2.8425070627188465E-02
   164   8.2000000            9600000  2.8425082849030572E-02
   168   8.4000000            9600000  2.8425163654851062E-02
   172   8.6000000            9600000  2.8425313503531113E-02
   176   8.8000000            9600000  2.8425517508313326E-02
   180   9.0000000            9600000  2.8425748499482806E-02
   184   9.2000000            9600000  2.8425972125031392E-02
   188   9.4000000            9600000  2.8426155035921153E-02
   192   9.6000000            9600000  2.8426272419674367E-02
   196   9.8000000            9600000  2.8426313458641227E-02
   200   10.000000            9600000  2.8426283147550933E-02
   204   10.200000            9600000  2.8426201101912046E-02
   208   10.400000            9600000  2.8426096666502143E-02
   212   10.600000            9600000  2.8426002084967428E-02
   216   10.800000            9600000  2.8425946815063007E-02
   220   11.000000            9600000  2.8425953275122623E-02
   224   11.200000            9600000  2.8426029735807452E-02
   228   11.400000            9600000  2.8426170751938283E-02
   232   11.600000            9600000  2.8426357582878831E-02
   236   11.800000            9600000  2.8426561662079484E-02
   240   12.000000            9600000  2.8426751187825425E-02
   244   12.200000            9600000  2.8426897959030532E-02
   248   12.400000            9600000  2.8426983035170272E-02
   252   12.600000            9600000  2.8427000383790674E-02
   256   12.800000            9600000  2.8426958838859165E-02
   260   13.000000            9600000  2.8426878334567654E-02
   264   13.200000            9600000  2.8426785066743968E-02
   268   13.400000            9600000  2.8426708427050772E-02
   272   13.600000            9600000  2.8426670259875393E-02
   276   13.800000            9600000  2.8426686352788222E-02
   280   14.000000            9600000  2.8426760043423649E-02
   284   14.200000            9600000  2.8426883067866789E-02
   288   14.400000            9600000  2.8427036667473177E-02
   292   14.600000            9600000  2.8427197525193550E-02
   296   14.800000            9600000  2.8427342130767176E-02
   300   15.000000            9600000  2.8427451202993226E-02
   304   15.200000            9600000  2.8427513515361585E-02
   308   15.400000            9600000  2.8427529201816518E-02
   312   15.600000            9600000  2.8427509671582675E-02
   316   15.800000            9600000  2.8427475007825314E-02
   320   16.000000            9600000  2.8427448446022442E-02
   324   16.200000            9600000  2.8427448838536137E-02
   328   16.400000            9600000  2.8427489840218114E-02
   332   16.600000            9600000  2.8427574428172200E-02
   336   16.800000            9600000  2.8427696058920225E-02
   340   17.000000            9600000  2.8427838056749477E-02
   344   17.200000            9600000  2.8427978464602897E-02
   348   17.400000            9600000  2.8428095326633169E-02
   352   17.600000            9600000  2.8428171520336557E-02
   356   17.800000            9600000  2.8428196862529322E-02
   360   18.000000            9600000  2.8428171469492437E-02
   364   18.200000            9600000  2.8428107597793441E-02
   368   18.400000            9600000  2.8428025656038636E-02
   372   18.600000            9600000  2.8427950051410453E-02
   376   18.800000            9600000  2.8427905164201447E-02
   380   19.000000            9600000  2.8427907951917637E-02
   384   19.200000            9600000  2.8427965974785717E-02
   388   19.400000            9600000  2.8428075494517667E-02
   392   19.600000            9600000  2.8428220442367098E-02
   396   19.800000            9600000  2.8428376612795715E-02
   400   20.000000            9600000  2.8428519431684878E-02
   404   20.200000            9600000  2.8428625313606147E-02
   408   20.400000            9600000  2.8428678729242207E-02
   412   20.600000            9600000  2.8428675705181001E-02
   416   20.800000            9600000  2.8428623834356584E-02
   420   21.000000            9600000  2.8428542179579866E-02
   424   21.200000            9600000  2.8428454791839811E-02
   428   21.400000            9600000  2.8428387715615087E-02
   432   21.600000            9600000  2.8428362486609265E-02
   436   21.800000            9600000  2.8428391582708351E-02
   440   22.000000            9600000  2.8428476805908265E-02
   444   22.200000            9600000  2.8428610054878765E-02
   448   22.400000            9600000  2.8428772922717557E-02
   452   22.600000            9600000  2.8428941521939144E-02
   456   22.800000            9600000  2.8429091408037729E-02
   460   23.000000            9600000  2.8429203087072266E-02
   464   23.200000            9600000  2.8429264598290333E-02
   468   23.400000            9600000  2.8429273500456514E-02
   472   23.600000            9600000  2.8429238244734013E-02
   476   23.800000            9600000  2.8429175755793970E-02
   480   24.000000            9600000  2.8429107146047936E-02
   484   24.200000            9600000  2.8429054063962917E-02
   488   24.400000            9600000  2.8429032922962290E-02
   492   24.600000            9600000  2.8429052542583454E-02
   496   24.800000            9600000  2.8429113586900111E-02
   500   25.000000            9600000  2.8429206587107209E-02
   504   25.200000            9600000  2.8429314516985292E-02
   508   25.400000            9600000  2.8429417938584511E-02
   512   25.600000            9600000  2.8429499173543992E-02
   516   25.800000            9600000  2.8429545353497551E-02
   520   26.000000            9600000  2.8429550133932557E-02
   524   26.200000            9600000  2.8429515587982054E-02
   528   26.400000            9600000  2.8429452364345732E-02
   532   26.600000            9600000  2.8429377967525760E-02
   536   26.800000            9600000  2.8429310573913166E-02
   540   27.000000            9600000  2.8429268234032169E-02
   544   27.200000            9600000  2.8429263571083420E-02
   548   27.400000            9600000  2.8429301320380948E-02
   552   27.600000            9600000  2.8429377227065726E-02
   556   27.800000            9600000  2.8429479044178904E-02
   560   28.000000            9600000  2.8429589586940102E-02
   564   28.200000            9600000  2.8429689699928290E-02
   568   28.400000            9600000  2.8429763442499235E-02
   572   28.600000            9600000  2.8429799953373792E-02
   576   28.800000            9600000  2.8429797674077412E-02
   580   29.000000            9600000  2.8429762041838023E-02
   584   29.200000            9600000  2.8429704379556640E-02
   588   29.400000            9600000  2.8429641827608952E-02
   592   29.600000            9600000  2.8429591509303576E-02
   596   29.800000            9600000  2.8429567617609956E-02
   600   30.000000            9600000  2.8429578906725018E-02
   604   30.200000            9600000  2.8429626831005042E-02
   608   30.400000            9600000  2.8429704237675091E-02
   612   30.600000            9600000  2.8429798827438311E-02
   616   30.800000            9600000  2.8429895175261666E-02
   620   31.000000            9600000  2.8429979060818820E-02
   624   31.200000            9600000  2.8430038397205468E-02
   628   31.400000            9600000  2.8430067395967349E-02
   632   31.600000            9600000  2.8430066426645535E-02
   636   31.800000            9600000  2.8430041392005598E-02
   640   32.000000            9600000  2.8430003730809832E-02
   644   32.200000            9600000  2.8429965292893745E-02
   648   32.400000            9600000  2.8429937754804235E-02
   652   32.600000            9600000  2.8429930994073919E-02
   656   32.800000            9600000  2.8429948978778478E-02
   660   33.000000            9600000  2.8429989588825259E-02
   664   33.200000            9600000  2.8430046498014783E-02
   668   33.400000            9600000  2.8430108616477545E-02
   672   33.600000            9600000  2.8430163935466768E-02
   676   33.800000            9600000  2.8430203929747114E-02
   680   34.000000            9600000  2.8430224576652854E-02
   684   34.200000            9600000  2.8430226343767913E-02
   688   34.400000            9600000  2.8430213031491174E-02
   692   34.600000            9600000  2.8430190476299331E-02
   696   34.800000            9600000  2.8430167417340863E-02
   700   35.000000            9600000  2.8430152076676794E-02
   704   35.200000            9600000  2.8430151615359667E-02
   708   35.400000            9600000  2.8430168806662607E-02
   712   35.600000            9600000  2.8430202670091692E-02
   716   35.800000            9600000  2.8430247525957020E-02
   720   36.000000            9600000  2.8430295538069174E-02
   724   36.200000            9600000  2.8430337537222395E-02
   728   36.400000            9600000  2.8430365057797030E-02
   732   36.600000            9600000  2.8430373587605071E-02
   736   36.800000            9600000  2.8430363592995035E-02
   740   37.000000            9600000  2.8430339199688941E-02
   744   37.200000            9600000  2.8430307980862102E-02
   748   37.400000            9600000  2.8430279380599461E-02
   752   37.600000            9600000  2.8430261753862034E-02
   756   37.800000            9600000  2.8430260554031569E-02
   760   38.000000            9600000  2.8430277220507554E-02
   764   38.200000            9600000  2.8430309493149442E-02
   768   38.400000            9600000  2.8430351173647804E-02
   772   38.600000            9600000  2.8430394790254897E-02
   776   38.800000            9600000  2.8430432355555320E-02
   780   39.000000            9600000  2.8430457908754966E-02
   784   39.200000            9600000  2.8430466328176592E-02
   788   39.400000            9600000  2.8430456846066696E-02
   792   39.600000            9600000  2.8430431944076170E-02
   796   39.800000            9600000  2.8430396947258959E-02
   800   40.000000            9600000  2.8430361857320986E-02
   804   40.200000            9600000  2.8430336242910279E-02
   808   40.400000            9600000  2.8430326850973697E-02
   812   40.600000            9600000  2.8430337559375823E-02
   816   40.800000            9600000  2.8430367224121015E-02
   820   41.000000            9600000  2.8430409625823216E-02
   824   41.200000            9600000  2.8430457660453441E-02
   828   41.400000            9600000  2.8430501664457111E-02
   832   41.600000            9600000  2.8430533004140938E-02
   836   41.800000            9600000  2.8430547202308136E-02
   840   42.000000            9600000  2.8430543155843629E-02
   844   42.200000            9600000  2.8430524436305626E-02
   848   42.400000            9600000  2.8430496939058744E-02
   852   42.600000            9600000  2.8430468546293296E-02
   856   42.800000            9600000  2.8430446966326559E-02
   860   43.000000            9600000  2.8430437469917285E-02
   864   43.200000            9600000  2.8430442317413603E-02
   868   43.400000            9600000  2.8430460354393620E-02
   872   43.600000            9600000  2.8430488067309342E-02
   876   43.800000            9600000  2.8430517393440338E-02
   880   44.000000            9600000  2.8430539906086905E-02
   884   44.200000            9600000  2.8430548208315514E-02
   888   44.400000            9600000  2.8430536861422682E-02
   892   44.600000            9600000  2.8430504855203535E-02
   896   44.800000            9600000  2.8430455406641460E-02
   900   45.000000            9600000  2.8430396342670777E-02
   904   45.200000            9600000  2.8430338581271114E-02
   908   45.400000            9600000  2.8430292904996074E-02
   912   45.600000            9600000  2.8430266916405926E-02
   916   45.800000            9600000  2.8430265928148572E-02
   920   46.000000            9600000  2.8430290267540154E-02
   924   46.200000            9600000  2.8430335518812369E-02
   928   46.400000            9600000  2.8430391891582536E-02
   932   46.600000            9600000  2.8430448233338325E-02
   936   46.800000            9600000  2.8430492164146271E-02
   940   47.000000            9600000  2.8430513232334344E-02
   944   47.200000            9600000  2.8430506535552621E-02
   948   47.400000            9600000  2.8430473488238836E-02
   952   47.600000            9600000  2.8430420500620359E-02
   956   47.800000            9600000  2.8430358595401994E-02
   960   48.000000            9600000  2.8430299200791809E-02
   964   48.200000            9600000  2.8430254132460774E-02
   968   48.400000            9600000  2.8430233796764660E-02
   972   48.600000            9600000  2.8430242065659497E-02
   976   48.800000            9600000  2.8430277119605905E-02
   980   49.000000            9600000  2.8430333276054952E-02
   984   49.200000            9600000  2.8430398681875226E-02
   988   49.400000            9600000  2.8430460298245776E-02
   992   49.600000            9600000  2.8430505576994104E-02
   996   49.800000            9600000  2.8430524736330069E-02
  1000   50.000000            9600000  2.8430513907985590E-02
