! EM field energy per field component
  Iter        Time                          B1                      B2                      B3                      E1                      E2                      E3
     0   0.0000000      0.0000000000000000E+00  0.0000000000000000E+00  0.0000000000000000E+00  0.0000000000000000E+00  0.0000000000000000E+00  0.0000000000000000E+00
    30  0.83829330      0.0000000000000000E+00  4.5959395573132424E-10  3.8511616972493697E-10  7.4009942079679407E-09  9.4789351397733093E-10  3.8954938511967366E-10
    60   1.6765866      0.0000000000000000E+00  4.0217591838794138E-10  7.2186780882054196E-10  6.1613058230517326E-08  1.3564425014775815E-09  5.5957790580593440E-10
    90   2.5148799      0.0000000000000000E+00  4.8102113681492686E-10  2.3646185794584464E-10  6.2114736507165448E-07  5.4705865106322865E-10  2.5236345730327044E-10
   120   3.3531732      0.0000000000000000E+00  2.5917678110334122E-10  1.8848848810408793E-10  2.1730554662206618E-06  3.3475674097608914E-10  1.9662101420300756E-10
   150   4.1914665      0.0000000000000000E+00  6.6150121422983454E-10  9.3292146524441484E-10  3.9936667620871308E-06  9.6864431402276941E-10  4.4392057444989913E-10
   180   5.0297598      0.0000000000000000E+00  5.3909285653416490E-10  4.1345805596808401E-10  4.9360936775506992E-06  1.3740882219824406E-09  5.7062901177656295E-10
   210   5.8680531      0.0000000000000000E+00  2.6639621559654650E-10  2.1445158401885370E-10  4.4829883871369682E-06  3.6282450017884093E-10  1.9482483085628516E-10
   240   6.7063464      0.0000000000000000E+00  7.3159889022430642E-10  9.2957921184575046E-10  3.6315129573824118E-06  3.2070471757186117E-10  1.7862229588070761E-10
   270   7.5446397      0.0000000000000000E+00  5.1226565615970330E-10  7.1590396385060520E-10  3.7012947547591785E-06  1.3268000739592457E-09  5.3400531238678467E-10
   300   8.3829330      0.0000000000000000E+00  5.7178784745762863E-10  3.5363201959935916E-10  3.7846565849386612E-06  1.0061488222536439E-09  4.0817255784171660E-10
   330   9.2212263      0.0000000000000000E+00  4.2997740040061639E-10  6.4472510325153728E-10  3.1966193043042404E-06  3.1535303646071776E-10  1.5344877782814442E-10
   360   10.059520      0.0000000000000000E+00  8.4001541194128607E-10  1.1772163216470321E-09  3.1080321467990503E-06  5.1892480953197369E-10  2.2735432536417842E-10
   390   10.897813      0.0000000000000000E+00  4.4574578900286195E-10  3.8391120264660603E-10  3.3089477120818861E-06  1.3348891141230599E-09  5.4295305421807654E-10
   420   11.736106      0.0000000000000000E+00  4.9859627640431493E-10  3.9799629876579305E-10  2.9133362529741259E-06  9.7006754690014229E-10  4.3575197353502935E-10
   450   12.574400      0.0000000000000000E+00  6.1502527199265723E-10  1.2732142510329167E-09  2.7329517738112528E-06  9.5603165296242532E-11  9.8798980269538874E-11
   480   13.412693      0.0000000000000000E+00  3.7777999043557906E-10  6.6041221178257383E-10  2.9326771274908124E-06  8.6306739908760624E-10  4.0158494200890599E-10
   510   14.250986      0.0000000000000000E+00  2.0280238849661403E-10  2.3273001533497731E-10  2.6708869030364061E-06  1.3707362934944673E-09  5.8719996390848508E-10
   540   15.089279      0.0000000000000000E+00  5.0036050554378853E-10  9.5918790530805317E-10  2.4649162111619391E-06  6.4145888082597567E-10  2.9096305281020679E-10
   570   15.927573      0.0000000000000000E+00  4.4918024865632778E-10  8.3195416630852461E-10  2.6457878672970772E-06  2.1880324755410302E-10  9.1844545034454654E-11
   600   16.765866      0.0000000000000000E+00  3.0334290295131446E-10  1.9444841904136881E-10  2.3783757324575427E-06  9.7591138541254523E-10  4.0480270505723034E-10
   630   17.604159      0.0000000000000000E+00  2.2331231558576619E-10  6.2445025579237683E-10  2.0552504584831456E-06  1.3565424917254163E-09  5.3782746608501671E-10
   660   18.442453      0.0000000000000000E+00  5.4097843457132707E-10  9.3351250362231116E-10  2.2773398354610768E-06  3.6241059263416197E-10  1.6808132574999570E-10
   690   19.280746      0.0000000000000000E+00  1.5700630607543790E-10  2.2092067157872040E-10  2.2433395588482293E-06  3.8393733211763398E-10  2.0815064497962461E-10
   720   20.119039      0.0000000000000000E+00  2.6370559698794924E-10  1.9825684027102325E-10  1.9091933811380341E-06  1.2320466267958793E-09  5.3606680689526509E-10
   750   20.957332      0.0000000000000000E+00  3.7919796133305719E-10  7.7102546999111821E-10  1.9581697306440231E-06  1.0872563316383303E-09  4.6814667493606179E-10
   780   21.795626      0.0000000000000000E+00  2.1956051392753111E-10  4.6106503248259497E-10  1.9256991347160326E-06  3.8753774084889865E-10  2.1369075384851885E-10
   810   22.633919      0.0000000000000000E+00  2.6199066030830876E-10  3.6672611067358643E-10  1.6582430369048104E-06  4.1849582525361835E-10  2.2590236696540846E-10
   840   23.472212      0.0000000000000000E+00  3.8813026716248894E-10  5.4157178308734544E-10  1.7191109252689936E-06  1.3836987278053720E-09  5.6448916105097181E-10
   870   24.310506      0.0000000000000000E+00  3.9070185789073294E-10  3.1313067868961704E-10  1.7490353741775751E-06  9.4639752463780883E-10  3.9117690172064479E-10
   900   25.148799      0.0000000000000000E+00  2.8965392313420633E-10  4.0730317975597730E-10  1.4698777800482383E-06  1.2416339489473205E-10  8.5955070509319741E-11
   930   25.987092      0.0000000000000000E+00  4.3413533955074739E-10  2.1547591980449329E-10  1.4730746984895743E-06  8.2882081480817408E-10  3.1566163061417710E-10
   960   26.825386      0.0000000000000000E+00  4.2162010082056567E-10  4.5327117416411863E-10  1.6022854673515286E-06  1.2845125114689166E-09  5.2113274759212303E-10
   990   27.663679      0.0000000000000000E+00  3.0451730297708281E-10  2.0071660116066477E-10  1.4201378453897418E-06  7.7820295454622205E-10  3.6394258775558096E-10
  1020   28.501972      0.0000000000000000E+00  3.5004813059632768E-10  3.0910579171772496E-10  1.3582736956667176E-06  1.7195353168538129E-10  1.0848827127782750E-10
  1050   29.340266      0.0000000000000000E+00  2.6523041378195717E-10  2.9359092516105052E-10  1.4591286932795788E-06  9.1251436851275078E-10  4.1136142036540779E-10
  1080   30.178559      0.0000000000000000E+00  3.3029053571768150E-10  1.4761040917725061E-10  1.2969194730764397E-06  1.4788797980486016E-09  6.5965654583752553E-10
  1110   31.016852      0.0000000000000000E+00  5.6660107331372286E-10  5.2463250696548161E-10  1.1673789499269564E-06  3.4169871810437077E-10  1.7328594453866871E-10
  1140   31.855145      0.0000000000000000E+00  5.9434248603686763E-10  2.0829665755100470E-10  1.2712239901242646E-06  3.4237908204593203E-10  1.7505743215736339E-10
  1170   32.693439      0.0000000000000000E+00  3.5030614104485446E-10  2.9836551200132237E-10  1.2352761626560230E-06  1.2020813354946977E-09  4.9019864646035965E-10
  1200   33.531732      0.0000000000000000E+00  9.8780992130876246E-10  4.4663385422736920E-10  1.1269420545599428E-06  1.0998520497074317E-09  4.3784334970755370E-10
  1230   34.370025      0.0000000000000000E+00  4.9300682871388064E-10  3.1674878271868740E-10  1.1985725445919113E-06  3.9187584163595519E-10  1.7298747240409658E-10
  1260   35.208319      0.0000000000000000E+00  7.6663111244993180E-10  2.0882396115562792E-10  1.1688928575463667E-06  3.5874017773768250E-10  1.8174752344090794E-10
  1290   36.046612      0.0000000000000000E+00  6.0346983159860352E-10  3.1562522051559980E-10  1.0145701558548073E-06  1.4153785727050638E-09  5.7401364480420425E-10
  1320   36.884905      0.0000000000000000E+00  8.5737589565757519E-10  4.1483763557299545E-10  1.0447151670079941E-06  9.9392593685190735E-10  4.3369730180013747E-10
  1350   37.723199      0.0000000000000000E+00  4.9770049411058778E-10  2.7791323765331976E-10  1.1001470025756428E-06  1.1716352103097132E-10  1.2603777484834401E-10
  1380   38.561492      0.0000000000000000E+00  5.1915490189067662E-10  1.8090188728697041E-10  1.0153417857803694E-06  8.2063455268210893E-10  3.7755247031565615E-10
  1410   39.399785      0.0000000000000000E+00  8.7247767435085818E-10  5.3864005539218334E-10  1.0269643154507894E-06  1.2891556068281315E-09  5.3592277691563770E-10
  1440   40.238078      0.0000000000000000E+00  4.3643932437976952E-10  1.5524725850060706E-10  1.0753669277458200E-06  7.7815411013425457E-10  3.5372416660068753E-10
  1470   41.076372      0.0000000000000000E+00  5.6327857335567279E-10  1.4299418004681922E-10  9.8321560162169224E-07  1.8121711460553327E-10  9.4096284793651923E-11
  1500   41.914665      0.0000000000000000E+00  4.4236663537034907E-10  5.3120512234284727E-10  9.5844873712788533E-07  8.6838960152611464E-10  3.3952980485552042E-10
  1530   42.752958      0.0000000000000000E+00  5.1343472410453078E-10  3.1416303835797884E-10  1.0580060348075114E-06  1.4325112827198490E-09  5.8244499301813174E-10
  1560   43.591252      0.0000000000000000E+00  1.5792857482564504E-10  2.1857337479498090E-10  1.0389759504171689E-06  4.2502718451986881E-10  2.0420738203832076E-10
  1590   44.429545      0.0000000000000000E+00  4.3287215903769094E-10  3.8179632490054966E-10  9.8520236157063010E-07  3.1004904070653978E-10  1.5234142718202548E-10
  1620   45.267838      0.0000000000000000E+00  3.1714674442098977E-10  5.3475184749669412E-10  1.0392778993693349E-06  1.1591064980701472E-09  5.0537319759122500E-10
  1650   46.106132      0.0000000000000000E+00  1.6130184702429994E-10  1.6493602980919859E-10  1.0292371503861455E-06  1.2097953662715754E-09  5.4278892505931155E-10
  1680   46.944425      0.0000000000000000E+00  1.5259576074157533E-10  1.8067118284891812E-10  9.6185225252976751E-07  3.7280193584934759E-10  1.8489144461513186E-10
  1710   47.782718      0.0000000000000000E+00  2.2033851904731048E-10  6.0256222104743234E-10  1.0175171368203964E-06  3.6773764701811568E-10  2.1296614988986320E-10
  1740   48.621011      0.0000000000000000E+00  1.3970098697766850E-10  1.7629867284562773E-10  1.0948175547364861E-06  1.3816565511507353E-09  5.7754538882601096E-10
  1770   49.459305      0.0000000000000000E+00  2.3569073684953620E-10  2.1244338483750060E-10  1.0783486054289711E-06  9.7253325816871993E-10  3.9238689785284589E-10
  1800   50.297598      0.0000000000000000E+00  1.1794029741172609E-10  3.6332195152455828E-10  1.0753369956147722E-06  1.7399188784521940E-10  9.4611055733216674E-11
  1830   51.135891      0.0000000000000000E+00  2.6834092302647668E-10  3.3058092563534982E-10  1.1142027747424580E-06  6.9281361399246174E-10  2.9190071173875283E-10
  1860   51.974185      0.0000000000000000E+00  2.1570998822047423E-10  1.2280135317906274E-10  1.1352527953561102E-06  1.3195852138259043E-09  5.2778030508845593E-10
  1890   52.812478      0.0000000000000000E+00  2.7820029396236003E-10  2.7183830784315797E-10  1.1633564794408052E-06  8.5173153754957499E-10  3.5898500123582301E-10
  1920   53.650771      0.0000000000000000E+00  1.6103960751682563E-10  3.7168905253659592E-10  1.2106887209208560E-06  1.2645896559830489E-10  1.2248580784890183E-10
  1950   54.489064      0.0000000000000000E+00  2.8975649161583975E-10  1.5427132732056149E-10  1.2364214764421232E-06  9.4499638865344363E-10  4.3490510010961734E-10
  1980   55.327358      0.0000000000000000E+00  2.5476082403942200E-10  2.4039260127785744E-10  1.2741967770970021E-06  1.3917590752631703E-09  5.8398250060185512E-10
  2010   56.165651      0.0000000000000000E+00  1.3027608187697921E-10  3.0129797145582597E-10  1.3319352558202087E-06  4.6805864822882435E-10  2.5242698130117202E-10
  2040   57.003944      0.0000000000000000E+00  3.4928699438533904E-10  1.7843568931479229E-10  1.3749867946999291E-06  3.5016139484374834E-10  1.6197226243221799E-10
  2070   57.842238      0.0000000000000000E+00  3.7441174121763509E-10  2.8437889548698102E-10  1.3853554712299873E-06  1.0145527971284851E-09  4.0783576660442274E-10
  2100   58.680531      0.0000000000000000E+00  1.9258418455674281E-10  2.0627514417962180E-10  1.3926185193492240E-06  1.2827661433305618E-09  5.2566898906885028E-10
  2130   59.518824      0.0000000000000000E+00  1.7234875478021668E-10  1.8844456966181777E-10  1.4464025121278775E-06  3.8062044460287906E-10  1.6530700460680589E-10
  2160   60.357118      0.0000000000000000E+00  4.1399698236485696E-10  3.8168183698247319E-10  1.4994908848997787E-06  2.8554842554481478E-10  1.4405734870472845E-10
  2190   61.195411      0.0000000000000000E+00  1.4236871504947254E-10  1.4320585934260087E-10  1.4523686067850192E-06  1.4238468512929892E-09  5.9398831752147168E-10
  2220   62.033704      0.0000000000000000E+00  1.6791634460021353E-10  2.5132624372342837E-10  1.4178824535238757E-06  9.7067930831732565E-10  4.1699391330046917E-10
  2250   62.871997      0.0000000000000000E+00  2.6762626776462578E-10  2.6334980982741849E-10  1.5444441414884021E-06  2.4508598390980059E-10  1.5369539551496404E-10
  2280   63.710291      0.0000000000000000E+00  2.8777250144684095E-10  2.8514515875451016E-10  1.6540073115329316E-06  6.7992371609990751E-10  3.3054836577449248E-10
  2310   64.548584      0.0000000000000000E+00  2.3465054798350751E-10  4.6912726430573132E-10  1.6178270411125895E-06  1.2842171332629582E-09  5.3935287360107886E-10
  2340   65.386877      0.0000000000000000E+00  1.6011722375552208E-10  1.6493678003826254E-10  1.6555292051006144E-06  9.4366708694176311E-10  4.0415652924677417E-10
  2370   66.225171      0.0000000000000000E+00  3.9859063421557382E-10  4.3665333257413373E-10  1.7638183788862653E-06  7.5416519220224027E-11  6.7465077610291835E-11
  2400   67.063464      0.0000000000000000E+00  1.9271841746095750E-10  3.7333647056599385E-10  1.7560217392557072E-06  8.7306415756346961E-10  3.5890780394901528E-10
  2430   67.901757      0.0000000000000000E+00  1.6059284944911936E-10  4.9617454079270188E-10  1.7775091831293238E-06  1.4127740281996855E-09  5.3876611144112940E-10
  2460   68.740051      0.0000000000000000E+00  3.7104461826421468E-10  3.5549434756710018E-10  1.8985031758507816E-06  4.7386923385683292E-10  2.1256415766651593E-10
  2490   69.578344      0.0000000000000000E+00  1.5078209408365986E-10  3.3602944183761907E-10  1.9101363954507525E-06  3.5885384927514834E-10  1.9346918649632182E-10
  2520   70.416637      0.0000000000000000E+00  2.1668640774579752E-10  5.8223138640611608E-10  1.8782352878662901E-06  1.0067318355558512E-09  4.3439643952992099E-10
  2550   71.254931      0.0000000000000000E+00  1.7979167199669605E-10  3.0764556237529115E-10  1.9673099506635217E-06  1.2975999293840586E-09  5.7776084125608699E-10
  2580   72.093224      0.0000000000000000E+00  2.0090100994657589E-10  2.9886188159236573E-10  2.0335498547113991E-06  4.4850841540145392E-10  2.4553566482265484E-10
  2610   72.931517      0.0000000000000000E+00  2.7629365857353836E-10  8.0390364930936314E-10  2.0643383393450771E-06  2.7484333961606509E-10  1.4632845649327304E-10
  2640   73.769810      0.0000000000000000E+00  1.1016220628858100E-10  4.2790579131219599E-10  2.2032508779705966E-06  1.3404623462116177E-09  5.4686976299810006E-10
  2670   74.608104      0.0000000000000000E+00  3.3198170492706394E-10  2.8209435013559387E-10  2.2372312663450948E-06  1.0467460876699396E-09  4.3024073326409497E-10
  2700   75.446397      0.0000000000000000E+00  1.8424526997160440E-10  7.1983786064932887E-10  2.1383913037165836E-06  2.5208125609292157E-10  1.2022116849171834E-10
  2730   76.284690      0.0000000000000000E+00  3.0341691466509058E-10  7.1011849980148406E-10  2.1928449282857524E-06  5.7816897957782902E-10  2.5581036687907083E-10
  2760   77.122984      0.0000000000000000E+00  1.4479994107924002E-10  3.0123803040101132E-10  2.3160441404910754E-06  1.3087587894385798E-09  5.3489615498313288E-10
  2790   77.961277      0.0000000000000000E+00  1.6346383078589117E-10  4.7622928427164487E-10  2.3022260080339885E-06  9.5217921288068265E-10  3.9626382559000272E-10
  2820   78.799570      0.0000000000000000E+00  3.1333079670472786E-10  8.7431572527591438E-10  2.3152421864103178E-06  1.0730228899578402E-10  1.0160051485180897E-10
  2850   79.637863      0.0000000000000000E+00  3.0378078970064635E-10  2.6971062831538191E-10  2.4150088606460499E-06  8.5218832017772244E-10  3.9447589705633810E-10
  2880   80.476157      0.0000000000000000E+00  2.1758940494096498E-10  2.5238477716155708E-10  2.4380433869615542E-06  1.3864213482164266E-09  5.8196860857936798E-10
  2910   81.314450      0.0000000000000000E+00  3.1430746861107796E-10  7.9645989921396121E-10  2.4508831727330380E-06  6.0405433779558103E-10  3.0095558848804439E-10
  2940   82.152743      0.0000000000000000E+00  2.6603389750026506E-10  4.4939719935363198E-10  2.5521210876638977E-06  2.7357417951829238E-10  1.5862764400355497E-10
  2970   82.991037      0.0000000000000000E+00  3.4015620170776423E-10  1.7587531079044786E-10  2.5805859175121944E-06  9.5107087047288308E-10  3.9296278466525402E-10
  3000   83.829330      0.0000000000000000E+00  3.4913639503580318E-10  4.7431076112774947E-10  2.5450649380008382E-06  1.3496420544491792E-09  5.2950724749857948E-10
  3030   84.667623      0.0000000000000000E+00  3.5244471224007041E-10  5.7351146675481934E-10  2.5866736372416036E-06  3.8889310679785061E-10  1.7139418521937313E-10
  3060   85.505917      0.0000000000000000E+00  2.7846375530892669E-10  2.7622435003949130E-10  2.6168610303742160E-06  3.1289885522498991E-10  1.4800766511721543E-10
  3090   86.344210      0.0000000000000000E+00  2.8846182471811124E-10  2.3530459141141231E-10  2.5840918692290377E-06  1.2961301036003481E-09  5.4137597670124397E-10
  3120   87.182503      0.0000000000000000E+00  3.7098368601493900E-10  6.4526993663566519E-10  2.6437260717883789E-06  1.0692241266521727E-09  4.8141111958553787E-10
  3150   88.020797      0.0000000000000000E+00  2.5212627937048858E-10  3.2577125703057094E-10  2.7294426989347345E-06  3.6219903903295102E-10  1.9657893583211058E-10
  3180   88.859090      0.0000000000000000E+00  3.0640676182451731E-10  4.1342769388022716E-10  2.6695503433353071E-06  4.6012843073073831E-10  2.3453069837411884E-10
  3210   89.697383      0.0000000000000000E+00  3.6472183994738494E-10  6.4500124345204699E-10  2.5907242505869270E-06  1.3518244208862331E-09  5.8113974987885665E-10
  3240   90.535676      0.0000000000000000E+00  2.0656839164194827E-10  2.7994427565542456E-10  2.5945092730327302E-06  9.9002427023350735E-10  4.0838768484049549E-10
  3270   91.373970      0.0000000000000000E+00  2.3852788788255211E-10  4.0919706989957740E-10  2.5595152820428221E-06  4.6825166549453096E-11  5.2335665887160062E-11
  3300   92.212263      0.0000000000000000E+00  2.8285238507466684E-10  2.4835064014948749E-10  2.5236717639749547E-06  8.5989060795929719E-10  3.8244710951113942E-10
  3330   93.050556      0.0000000000000000E+00  4.1136514706355086E-10  6.5838879711199533E-10  2.4994940710906314E-06  1.3227362249377989E-09  5.2065685724235438E-10
  3360   93.888850      0.0000000000000000E+00  2.2874378221373600E-10  1.5430128768457087E-10  2.4022379970540116E-06  6.6170940108434093E-10  2.7185214318452942E-10
  3390   94.727143      0.0000000000000000E+00  2.5771533943792668E-10  1.9609054534977161E-10  2.3718005675500055E-06  2.7779463604514539E-10  1.5812501949310356E-10
  3420   95.565436      0.0000000000000000E+00  6.4340125874987419E-10  5.1778045214325463E-10  2.4422105867534076E-06  8.7346315400486687E-10  3.9001388294134848E-10
  3450   96.403729      0.0000000000000000E+00  2.5914960845307413E-10  1.2715621243615358E-10  2.3929190634527940E-06  1.4575264180871703E-09  6.1099411011287819E-10
  3480   97.242023      0.0000000000000000E+00  9.3732475840031480E-11  1.2142275207672937E-10  2.2627356503827292E-06  4.0947712170026516E-10  2.3219721525203411E-10
  3510   98.080316      0.0000000000000000E+00  3.9729022362739614E-10  3.9153958140701015E-10  2.2283959169370121E-06  2.7969062400392998E-10  1.8431415070424577E-10
  3540   98.918609      0.0000000000000000E+00  3.1556898848513764E-10  3.7380192224877271E-10  2.1959500613343944E-06  1.2882054440527003E-09  5.3399484282883629E-10
  3570   99.756903      0.0000000000000000E+00  2.6312869443714100E-10  4.3615206099530028E-10  2.1292797909398498E-06  1.0492564115619450E-09  4.3207635565695539E-10
  3600   100.59520      0.0000000000000000E+00  2.6012433373731686E-10  4.8924204801646110E-10  2.0805838909954287E-06  3.7550340598243793E-10  1.6821779009963865E-10
  3630   101.43349      0.0000000000000000E+00  5.3151759373638595E-10  6.5455282195209065E-10  1.9862168373160192E-06  4.1425443539489158E-10  1.7159867665559910E-10
  3660   102.27178      0.0000000000000000E+00  2.4282158923660359E-10  3.3229616490538016E-10  1.9235976371292245E-06  1.3176152279333386E-09  5.3202220010984562E-10
  3690   103.11008      0.0000000000000000E+00  2.2341186142403249E-10  2.3025717600528761E-10  1.9479511333733343E-06  1.0688682056519389E-09  4.6654244784506927E-10
  3720   103.94837      0.0000000000000000E+00  5.8529338382366690E-10  7.2953384368494136E-10  1.8499881044770427E-06  7.7378488876159529E-11  7.6829351744198307E-11
  3750   104.78666      0.0000000000000000E+00  3.9842414819235361E-10  3.4121821108813017E-10  1.7054065459246323E-06  8.2095359321648882E-10  3.7744129509747685E-10
  3780   105.62496      0.0000000000000000E+00  1.8655055468122900E-10  3.0172701034267763E-10  1.7188862062715549E-06  1.3566378765478749E-09  5.8537364372902470E-10
  3810   106.46325      0.0000000000000000E+00  4.9242962990450244E-10  5.2825150510984865E-10  1.6914608330001890E-06  6.9588639427044245E-10  3.2631657398957640E-10
  3840   107.30154      0.0000000000000000E+00  4.5094995240924306E-10  2.8140732326876375E-10  1.5401680989529618E-06  2.5306471776875323E-10  1.3690521691140727E-10
  3870   108.13984      0.0000000000000000E+00  5.2366935941944221E-10  3.8304788239862453E-10  1.5349516702718916E-06  8.6638177225407780E-10  3.7796634249840078E-10
  3900   108.97813      0.0000000000000000E+00  4.6205538079044542E-10  2.2044789599330963E-10  1.5745128737530097E-06  1.3889266061153744E-09  5.4703821565628087E-10
  3930   109.81642      0.0000000000000000E+00  7.8191698357145250E-10  3.6865643406237810E-10  1.4503309329419541E-06  4.5652215097594771E-10  1.8616009494879555E-10
  3960   110.65472      0.0000000000000000E+00  2.9820657115988632E-10  3.0570842539460314E-10  1.3665780294077155E-06  2.8012726893754547E-10  1.4269710014885706E-10
  3990   111.49301      0.0000000000000000E+00  3.9852671156549219E-10  2.7376352877306668E-10  1.3765129061316995E-06  1.1859300710625366E-09  4.9369905818693684E-10
  4020   112.33130      0.0000000000000000E+00  4.8550036967449928E-10  2.1144161885302741E-10  1.3131635257222962E-06  1.1605854065285730E-09  4.9515375306566395E-10
  4050   113.16960      0.0000000000000000E+00  3.2128316925475127E-10  1.5483391368156997E-10  1.2525189230873086E-06  4.0169364723605690E-10  2.2790453720154601E-10
  4080   114.00789      0.0000000000000000E+00  1.9678168620382125E-10  3.3494152202176454E-10  1.2563145892299807E-06  3.8164119826571318E-10  2.1931552976099636E-10
  4110   114.84618      0.0000000000000000E+00  4.1661985876391051E-10  2.1159613099938902E-10  1.2124917975811191E-06  1.3621849603307772E-09  5.6846306693873592E-10
  4140   115.68448      0.0000000000000000E+00  4.9648810700647634E-10  1.8728704405650104E-10  1.1811042253855611E-06  1.0246200589669746E-09  4.4240197814677677E-10
  4170   116.52277      0.0000000000000000E+00  2.0663924496366335E-10  4.4355177133909784E-10  1.1940287181931817E-06  1.4225666486422028E-10  9.7054506825385676E-11
  4200   117.36106      0.0000000000000000E+00  3.6865850473330266E-10  1.5275432705027608E-10  1.1455134600463793E-06  7.2033631896255045E-10  2.7338507181829315E-10
  4230   118.19936      0.0000000000000000E+00  4.1599736153182293E-10  2.9097912805281918E-10  1.0853004029310315E-06  1.2990985046297532E-09  5.3062223293731627E-10
  4260   119.03765      0.0000000000000000E+00  2.7998699652965469E-10  2.0084748995453642E-10  1.1009392223181789E-06  8.3417376316700141E-10  3.6490703360879859E-10
  4290   119.87594      0.0000000000000000E+00  1.3728255774774867E-10  3.0354047600807314E-10  1.0914186996349270E-06  1.5130194863544314E-10  8.6002057266668055E-11
  4320   120.71424      0.0000000000000000E+00  3.6333992499645102E-10  2.1509082374032186E-10  1.0665184844019760E-06  8.6959179604804758E-10  3.9394924514412983E-10
  4350   121.55253      0.0000000000000000E+00  2.1329437259175365E-10  2.1149929117602032E-10  1.0842633195771288E-06  1.4661397962915897E-09  6.3036267416338344E-10
  4380   122.39082      0.0000000000000000E+00  2.7596175439080010E-10  4.5926495946337241E-10  1.0321764670574635E-06  4.2783711556756389E-10  2.2821721315105885E-10
  4410   123.22912      0.0000000000000000E+00  2.9299962972679282E-10  2.4026351920736061E-10  9.4415370482278047E-07  3.4008813827509490E-10  1.9368529498363000E-10
  4440   124.06741      0.0000000000000000E+00  2.2173584211994847E-10  2.9141706955176855E-10  9.5410358472154266E-07  1.0995746946123917E-09  4.7818991839480301E-10
  4470   124.90570      0.0000000000000000E+00  3.9019786220831900E-10  4.7747461251902829E-10  1.0013463819455442E-06  1.1876046163289902E-09  4.7571698533905037E-10
  4500   125.74399      0.0000000000000000E+00  3.5427665191549905E-10  2.5704351843920602E-10  9.8027727359643189E-07  4.4140392831579992E-10  1.8519049400728774E-10
  4530   126.58229      0.0000000000000000E+00  5.1861154709898827E-10  5.9686376483392040E-10  9.6169204107921206E-07  2.7307255710179421E-10  1.4057352404411006E-10
  4560   127.42058      0.0000000000000000E+00  3.7603562992119218E-10  3.5264617842864047E-10  9.4835931741844858E-07  1.3870337392965549E-09  5.5178421969489331E-10
  4590   128.25887      0.0000000000000000E+00  5.0861262748097943E-10  5.8823036593456780E-10  9.7275297496065703E-07  1.0323389424591985E-09  4.3186534063201821E-10
  4620   129.09717      0.0000000000000000E+00  3.7819656981392574E-10  4.1774032152305191E-10  1.0281955118895092E-06  1.4812289890027105E-10  1.3003576558974845E-10
  4650   129.93546      0.0000000000000000E+00  3.6708042097620743E-10  4.7386145234594305E-10  9.7993272393798877E-07  7.5087434114465368E-10  3.5218980691387235E-10
  4680   130.77375      0.0000000000000000E+00  5.4041451878284010E-10  8.7399546666912955E-10  9.0430482096791670E-07  1.2705574688457626E-09  5.3926089931676519E-10
  4710   131.61205      0.0000000000000000E+00  3.7973395129196446E-10  3.9048223113366492E-10  9.7989737297305083E-07  8.9575795786903222E-10  4.1571330755340961E-10
  4740   132.45034      0.0000000000000000E+00  4.6540981265422575E-10  6.6705986554747930E-10  9.9820974865917526E-07  1.6239412891062331E-10  1.0503577602768301E-10
  4770   133.28863      0.0000000000000000E+00  8.1797173571136819E-10  1.0289457414758117E-09  8.9383181724540284E-07  7.9340389942514212E-10  3.3657614260689218E-10
  4800   134.12693      0.0000000000000000E+00  5.4440593925271520E-10  8.4756965767518028E-10  9.4144528325060014E-07  1.4646045550484271E-09  5.9201992312393593E-10
  4830   134.96522      0.0000000000000000E+00  3.2264726314963082E-10  4.1319869320524995E-10  1.0395298275733319E-06  4.6061762224000112E-10  1.9642321613423001E-10
  4860   135.80351      0.0000000000000000E+00  4.8427035848941494E-10  9.0755463314576909E-10  9.4339617911404277E-07  2.9581738111479853E-10  1.4388889845164447E-10
  4890   136.64181      0.0000000000000000E+00  6.6907320203465331E-10  1.0206577845115644E-09  9.0224565699047622E-07  1.0839487191559927E-09  4.6401254067364899E-10
  4920   137.48010      0.0000000000000000E+00  4.0160518214942676E-10  6.2392636566708381E-10  9.9405438958377127E-07  1.2247321565592664E-09  5.1650627849063380E-10
  4950   138.31839      0.0000000000000000E+00  4.4479124943701783E-10  6.7725284370166669E-10  9.2112496710482308E-07  4.7758958053255397E-10  2.5046530722818498E-10
  4980   139.15669      0.0000000000000000E+00  7.3057644903457805E-10  1.2896510933828450E-09  8.2511948056708516E-07  2.8821262250308614E-10  1.9961816941055068E-10
  5010   139.99498      0.0000000000000000E+00  4.1004028535918999E-10  7.4013715334586308E-10  9.3604717674010514E-07  1.3238824049556365E-09  5.5943331094317321E-10
  5040   140.83327      0.0000000000000000E+00  4.5846799857765353E-10  5.0879020137338112E-10  9.6496853230965604E-07  1.0746486917607329E-09  4.4060087158845071E-10
  5070   141.67157      0.0000000000000000E+00  9.1381571497002111E-10  1.3414634523520026E-09  8.7849498616790730E-07  1.9252447354020117E-10  1.2303532623441598E-10
  5100   142.50986      0.0000000000000000E+00  7.6317586765173573E-10  8.7633498255003474E-10  9.6948938999871848E-07  6.2540306820838827E-10  2.5709060732013294E-10
  5130   143.34815      0.0000000000000000E+00  6.3009172206203311E-10  4.3011017361249446E-10  1.0380980315018878E-06  1.2918588658521372E-09  5.0802977894396395E-10
  5160   144.18645      0.0000000000000000E+00  6.5577658380148619E-10  6.9778709903421311E-10  9.2421890652063891E-07  9.2160462401503575E-10  4.0498182752318955E-10
  5190   145.02474      0.0000000000000000E+00  1.1370803728466229E-09  9.0376476450167447E-10  9.3129943592798415E-07  1.5632816833055850E-10  1.0804589742381708E-10
  5220   145.86303      0.0000000000000000E+00  6.9567705418308535E-10  3.6255902842430754E-10  1.0198797911974633E-06  8.1103643015088627E-10  3.4945661752156809E-10
  5250   146.70133      0.0000000000000000E+00  8.2967541465432403E-10  4.1142203813377171E-10  9.4341224074797104E-07  1.4264567781300529E-09  6.0769325916332846E-10
  5280   147.53962      0.0000000000000000E+00  1.1551789282169182E-09  8.7328922372860277E-10  9.2517924594282691E-07  5.8015159714703277E-10  3.0215889691986512E-10
  5310   148.37791      0.0000000000000000E+00  6.4487623263207238E-10  5.3306667671273130E-10  1.0555280017470794E-06  2.8873357887079772E-10  1.6070618797105719E-10
  5340   149.21621      0.0000000000000000E+00  5.3612967738092420E-10  2.3905388886981814E-10  1.0456947513018670E-06  9.6996231502580070E-10  4.2546567813179461E-10
  5370   150.05450      0.0000000000000000E+00  7.8753054830708568E-10  7.3028780056580032E-10  1.0054516042194333E-06  1.3167877751980449E-09  5.6158614583615523E-10
  5400   150.89279      0.0000000000000000E+00  9.8840043952362639E-10  5.8622350457026806E-10  1.1111516340790647E-06  4.1579723684584313E-10  1.6972253447994721E-10
  5430   151.73109      0.0000000000000000E+00  3.7876607971442095E-10  4.9991636669995956E-10  1.1193252809653800E-06  2.6010543843146207E-10  1.2723469867315766E-10
  5460   152.56938      0.0000000000000000E+00  7.0432594834082576E-10  2.1606934753354894E-10  1.0345636828448251E-06  1.3317181309567681E-09  5.3651796988323123E-10
  5490   153.40767      0.0000000000000000E+00  8.8545400237793065E-10  5.8617154549063537E-10  1.0994777335092322E-06  1.0506250560845040E-09  4.2995060970285705E-10
  5520   154.24597      0.0000000000000000E+00  4.5374794703629156E-10  2.5055184020388405E-10  1.1227566753460936E-06  3.1712077247851839E-10  1.9345516228397902E-10
  5550   155.08426      0.0000000000000000E+00  4.0239628069047299E-10  4.2328570298452480E-10  1.0547431519092456E-06  5.6420662740098212E-10  2.9217512545789711E-10
  5580   155.92255      0.0000000000000000E+00  7.7773057026001887E-10  7.1138338119782488E-10  1.1389984720118239E-06  1.2829446150511571E-09  5.5125651723596505E-10
  5610   156.76085      0.0000000000000000E+00  4.8267986386013255E-10  2.1985657114831413E-10  1.2087347717755093E-06  1.0285448275975520E-09  4.4946835648643163E-10
  5640   157.59914      0.0000000000000000E+00  2.8974516706814905E-10  2.4010130524986743E-10  1.1083207426284789E-06  6.0896502440925434E-11  7.7992577086478129E-11
  5670   158.43743      0.0000000000000000E+00  6.2338406601692776E-10  3.0953812634817321E-10  1.1257964318665394E-06  8.0592902770504855E-10  3.3259623493946878E-10
  5700   159.27573      0.0000000000000000E+00  5.3727159591917180E-10  5.0616625476591087E-10  1.2301481943154406E-06  1.3968261752947152E-09  5.5391261176773858E-10
  5730   160.11402      0.0000000000000000E+00  3.3314908661899997E-10  2.5948381880163018E-10  1.1863708565979476E-06  5.7810064716228143E-10  2.7809230416801109E-10
  5760   160.95231      0.0000000000000000E+00  4.0454980611759987E-10  1.9151496785127372E-10  1.2104110511545327E-06  3.0756338030183152E-10  1.4103960441892207E-10
  5790   161.79061      0.0000000000000000E+00  8.2345016124605968E-10  4.3029537287288249E-10  1.3282026794998857E-06  8.8025119040550220E-10  3.6719835408886091E-10
  5820   162.62890      0.0000000000000000E+00  4.7219492585906193E-10  7.8759097921661528E-11  1.2977861397130462E-06  1.3971039822618991E-09  6.0467222308492409E-10
  5850   163.46719      0.0000000000000000E+00  5.4223385134944507E-10  1.4125578425859704E-10  1.2788644823184038E-06  4.8124061757502900E-10  2.4082802462026963E-10
  5880   164.30549      0.0000000000000000E+00  7.5869815088901744E-10  4.8808513735040130E-10  1.3772831999714717E-06  1.9321425742081869E-10  1.3893359386092703E-10
  5910   165.14378      0.0000000000000000E+00  5.6975457470990748E-10  1.6318471361004019E-10  1.3399902569530615E-06  1.3641876655267276E-09  6.0631389337950265E-10
  5940   165.98207      0.0000000000000000E+00  8.5268770968999940E-10  2.6532715116188335E-10  1.2902776418679863E-06  1.0783137052421154E-09  4.6976883425266786E-10
  5970   166.82037      0.0000000000000000E+00  6.5646403034039898E-10  1.7714998805991258E-10  1.4375517411279869E-06  2.7717912316714286E-10  1.2171240471496258E-10
  6000   167.65866      0.0000000000000000E+00  8.2351544260925007E-10  2.3793506727233467E-10  1.5047994766883896E-06  5.2195472301231177E-10  2.4354253385977024E-10
  6030   168.49695      0.0000000000000000E+00  6.9331759406354819E-10  4.2936961135078419E-10  1.4442800570258261E-06  1.2503064068365126E-09  5.0173433774747075E-10
  6060   169.33525      0.0000000000000000E+00  8.9925221122097017E-10  2.4718405417662120E-10  1.5031424811634400E-06  1.0356366322840990E-09  3.9933881130599174E-10
  6090   170.17354      0.0000000000000000E+00  5.7454932655133850E-10  1.4987821619905885E-10  1.5657369932414757E-06  1.0261929906344994E-10  9.8757445497726176E-11
  6120   171.01183      0.0000000000000000E+00  9.3659102229888109E-10  1.8920091334314056E-10  1.5531407073900222E-06  7.6013472387441388E-10  3.8204028184448457E-10
  6150   171.85013      0.0000000000000000E+00  8.9732924388915733E-10  2.9207207994383311E-10  1.6263562683670126E-06  1.4199972993951190E-09  5.8408217745219045E-10
  6180   172.68842      0.0000000000000000E+00  6.6500592157478230E-10  2.3788053279950732E-10  1.6576341562735978E-06  6.7015299835161953E-10  3.2359464861645921E-10
  6210   173.52671      0.0000000000000000E+00  7.3036144394746310E-10  2.2061190391485599E-10  1.5690780786586797E-06  2.6009794836953492E-10  1.8056576413624418E-10
  6240   174.36501      0.0000000000000000E+00  9.5789057930176628E-10  3.9651754210997861E-10  1.6179792474056739E-06  8.7574119223198563E-10  3.7051603662974944E-10
  6270   175.20330      0.0000000000000000E+00  8.2848550980661081E-10  1.7525129916069221E-10  1.7342951694823577E-06  1.3868146690263857E-09  5.4814022110758531E-10
  6300   176.04159      0.0000000000000000E+00  4.6894064725861492E-10  1.6777647694274573E-10  1.7357531117793788E-06  4.8100534320747006E-10  2.3479163611393085E-10
  6330   176.87989      0.0000000000000000E+00  9.4051877526384228E-10  4.6024057313596858E-10  1.7129800266838257E-06  2.2040971216447585E-10  1.1334445226082689E-10
  6360   177.71818      0.0000000000000000E+00  6.2253069184055192E-10  2.5938625283629227E-10  1.6815617611488197E-06  1.2278391165479189E-09  4.8652023213310625E-10
  6390   178.55647      0.0000000000000000E+00  3.2917905104098038E-10  4.1144208775790796E-10  1.6572154070540289E-06  1.1450830823411614E-09  4.9375660369332691E-10
  6420   179.39477      0.0000000000000000E+00  5.4040886402382514E-10  3.7024076172216174E-10  1.7417802545926553E-06  3.4771564691038784E-10  1.7625105598689454E-10
  6450   180.23306      0.0000000000000000E+00  6.8408625568212036E-10  3.8778138094704852E-10  1.7836397138326299E-06  4.1569916797175096E-10  2.2639762586251679E-10
  6480   181.07135      0.0000000000000000E+00  2.4756537964191599E-10  4.6899131824051005E-10  1.6964240662508179E-06  1.3475635120802593E-09  6.0570581094841501E-10
  6510   181.90965      0.0000000000000000E+00  3.0476770137684649E-10  3.9220755384929871E-10  1.7035519220127434E-06  1.0524753616807389E-09  4.4574414179354738E-10
  6540   182.74794      0.0000000000000000E+00  6.1104300101351268E-10  3.8463389003431109E-10  1.7223299802785480E-06  1.0664281852277957E-10  9.5435514321544650E-11
  6570   183.58623      0.0000000000000000E+00  3.2592682456868482E-10  4.2205780473238270E-10  1.6325385333329326E-06  7.6053304501531523E-10  3.5703882653981220E-10
  6600   184.42453      0.0000000000000000E+00  3.4128630925841916E-10  7.7300781016693618E-10  1.6773824586791168E-06  1.3130352721651275E-09  5.0666491975372484E-10
  6630   185.26282      0.0000000000000000E+00  4.6875830510830445E-10  3.6923039590330690E-10  1.7845933649900501E-06  7.6399242994420887E-10  2.9391709719975515E-10
  6660   186.10111      0.0000000000000000E+00  3.1565026410897111E-10  3.0206611819250723E-10  1.6612960253342999E-06  2.1590398549434132E-10  1.4118065695141917E-10
  6690   186.93941      0.0000000000000000E+00  3.8457756146918016E-10  5.8605274448528612E-10  1.5875581504499603E-06  8.0712156558581597E-10  3.6194823381654646E-10
  6720   187.77770      0.0000000000000000E+00  2.6716026290751835E-10  4.9971301619306257E-10  1.7217426588445030E-06  1.4836976670828426E-09  5.9694677559873824E-10
  6750   188.61599      0.0000000000000000E+00  3.7037152563860236E-10  5.5596471093434497E-10  1.7212181031451205E-06  4.5799753506492815E-10  2.4968264064523907E-10
  6780   189.45429      0.0000000000000000E+00  3.3211124959019765E-10  5.0507158661495137E-10  1.6460991450792723E-06  2.6248872492345379E-10  1.9574045594288121E-10
  6810   190.29258      0.0000000000000000E+00  2.9746130726066011E-10  3.6947953898713618E-10  1.7285855855414035E-06  1.1958486514741715E-09  4.8732685092169100E-10
  6840   191.13087      0.0000000000000000E+00  4.7871301630976924E-10  3.7851796065499326E-10  1.7210941469993001E-06  1.1349598684513670E-09  4.8505253165209609E-10
  6870   191.96917      0.0000000000000000E+00  2.6611787916873050E-10  1.9034830266994155E-10  1.6230529100210871E-06  4.4671420882169656E-10  2.2316196748820196E-10
  6900   192.80746      0.0000000000000000E+00  7.2990081218971037E-10  4.9715049115592814E-10  1.6986080707260851E-06  3.1813641205040737E-10  1.3736216116981610E-10
  6930   193.64575      0.0000000000000000E+00  3.9399676182930189E-10  3.0604731226815075E-10  1.7457572302532588E-06  1.3086325428435645E-09  5.2482311592284340E-10
  6960   194.48405      0.0000000000000000E+00  5.3068463462240688E-10  2.5929916495017243E-10  1.6402290965253538E-06  1.1145530603966507E-09  4.6075504014638982E-10
  6990   195.32234      0.0000000000000000E+00  3.4565481446122530E-10  2.7247789738189967E-10  1.6763839241758964E-06  8.0317258857988302E-11  5.9895243065070339E-11
  7020   196.16063      0.0000000000000000E+00  3.4699558219126420E-10  2.0711830510367008E-10  1.7506946858535192E-06  7.6398572233690530E-10  3.6769822865021832E-10
  7050   196.99893      0.0000000000000000E+00  3.3048276814400550E-10  3.8023848676266108E-10  1.6411933219234326E-06  1.3246870440245511E-09  5.6307210009876014E-10
  7080   197.83722      0.0000000000000000E+00  2.6900476059437054E-10  9.6701372449459239E-11  1.5769651849075399E-06  8.1144742297683588E-10  3.7669739177129945E-10
  7110   198.67551      0.0000000000000000E+00  1.4686814464297273E-10  1.3749721586694951E-10  1.6303437684628203E-06  2.4573970805480861E-10  1.5823955934204203E-10
  7140   199.51381      0.0000000000000000E+00  3.1784571786243848E-10  6.5477780660023604E-10  1.6196617011567032E-06  7.5656484824296707E-10  3.5876261612459824E-10
  7170   200.35210      0.0000000000000000E+00  1.2924312660729858E-10  2.9181421632552080E-10  1.6543215264022938E-06  1.4614687431725382E-09  5.6881298541867197E-10
  7200   201.19039      0.0000000000000000E+00  4.3750878186935448E-10  1.9033797559017143E-10  1.7485091228812422E-06  5.0000615782779163E-10  2.2655507070055273E-10
  7230   202.02869      0.0000000000000000E+00  3.2046014422762716E-10  3.9002279602836464E-10  1.7058192455155789E-06  2.1524025279567130E-10  1.3706807297200574E-10
  7260   202.86698      0.0000000000000000E+00  5.4367144437821203E-10  3.9081691263858899E-10  1.6765244675090131E-06  1.1465024761477901E-09  4.4618269282283428E-10
  7290   203.70527      0.0000000000000000E+00  2.7667695167537878E-10  2.4434516917204802E-10  1.7291695347530230E-06  1.1859879963154674E-09  4.7356636394772688E-10
  7320   204.54357      0.0000000000000000E+00  5.3301061828908617E-10  2.8126896355355640E-10  1.6579623842185806E-06  4.7248841120742658E-10  2.6858552723233018E-10
  7350   205.38186      0.0000000000000000E+00  6.8897174139691661E-10  6.0911527623581022E-10  1.6175694429804763E-06  3.2101059682851007E-10  1.8456270033235273E-10
  7380   206.22015      0.0000000000000000E+00  3.1810996866859348E-10  3.6554543353491474E-10  1.7131872082944809E-06  1.2799094851761864E-09  5.4213318769777501E-10
  7410   207.05845      0.0000000000000000E+00  3.3181136577947095E-10  3.0848076642081293E-10  1.6433678309864344E-06  1.1385154711482851E-09  5.0527703010768810E-10
  7440   207.89674      0.0000000000000000E+00  8.5381886774555097E-10  6.4881259068170324E-10  1.5258676512751544E-06  1.5745252632852642E-10  1.2860214948330542E-10
  7470   208.73503      0.0000000000000000E+00  6.6530856917354626E-10  3.7899460636455259E-10  1.6173040838079623E-06  6.3044594596502257E-10  2.5655385204513571E-10
  7500   209.57333      0.0000000000000000E+00  3.6135524672393419E-10  2.3606612624122230E-10  1.6079262092063747E-06  1.3137092431962951E-09  5.3426208252266588E-10
  7530   210.41162      0.0000000000000000E+00  7.8485815177881359E-10  5.9186555342449565E-10  1.4604126772653675E-06  8.9304815432903750E-10  3.6278848067950343E-10
  7560   211.24991      0.0000000000000000E+00  8.7978579862815748E-10  5.4681285342377828E-10  1.4989679621393138E-06  1.5867322256092381E-10  8.5510109113466409E-11
  7590   212.08820      0.0000000000000000E+00  3.8565845221934958E-10  3.3735546645479829E-10  1.5440180089065546E-06  7.8304962001397983E-10  3.5870215736369196E-10
  7620   212.92650      0.0000000000000000E+00  6.5620999618079911E-10  4.1806620841850703E-10  1.4471335808394358E-06  1.4488476828345323E-09  6.0727649319052772E-10
  7650   213.76479      0.0000000000000000E+00  1.0819703895742280E-09  7.6666494085567368E-10  1.4722145451227704E-06  5.5062759918405752E-10  2.6185470658522883E-10
  7680   214.60308      0.0000000000000000E+00  4.9700967986224769E-10  3.5516669890257877E-10  1.5438237309602434E-06  2.8080239469173338E-10  1.9632988680921087E-10
  7710   215.44138      0.0000000000000000E+00  4.3037870693196230E-10  4.4242004165028248E-10  1.4517229241192008E-06  1.0250124549006691E-09  4.4268353968252557E-10
  7740   216.27967      0.0000000000000000E+00  8.9315113050416155E-10  7.2962004900229230E-10  1.4029534444372734E-06  1.2696432919089059E-09  5.2783875672697191E-10
  7770   217.11796      0.0000000000000000E+00  5.2741360497572584E-10  5.1229757275135648E-10  1.4421957326145937E-06  4.8003808690694649E-10  2.3777029659088935E-10
  7800   217.95626      0.0000000000000000E+00  3.6774137046620258E-10  5.1953225992120733E-10  1.4172598160540196E-06  2.1910135831521084E-10  1.3002044957245451E-10
  7830   218.79455      0.0000000000000000E+00  4.6110852953823996E-10  6.4365301895106297E-10  1.4092272770427531E-06  1.3118107371184686E-09  5.0577147349715661E-10
  7860   219.63284      0.0000000000000000E+00  6.6769790510670811E-10  7.5466046987901934E-10  1.4325416796409055E-06  1.0820154727586968E-09  4.4725048976592851E-10
  7890   220.47114      0.0000000000000000E+00  2.7729899779560059E-10  5.7363629501762808E-10  1.3882125514886499E-06  2.3152974496794259E-10  1.4369959438704884E-10
  7920   221.30943      0.0000000000000000E+00  3.5951030290345650E-10  5.1479438043269188E-10  1.3781088553542771E-06  6.2220051585785805E-10  2.7806978296433873E-10
  7950   222.14772      0.0000000000000000E+00  7.5846489972216657E-10  7.7025880588388760E-10  1.4482789871269657E-06  1.2478188349403198E-09  5.3843121188382700E-10
  7980   222.98602      0.0000000000000000E+00  4.1715896719598025E-10  4.8785647780130507E-10  1.4537565200705411E-06  1.0344973377707452E-09  4.8807207846915919E-10
  8010   223.82431      0.0000000000000000E+00  2.5486955823902845E-10  6.7376347958923312E-10  1.4026213272634282E-06  1.2718636185788904E-10  9.8360113568998703E-11
  8040   224.66260      0.0000000000000000E+00  5.8774031980979691E-10  7.5041909767560625E-10  1.3749103870313466E-06  7.2412899305151365E-10  3.3347804489065241E-10
  8070   225.50090      0.0000000000000000E+00  4.4688513815148471E-10  4.5993677759270635E-10  1.3548532907486906E-06  1.4876889543017192E-09  6.1138485582358323E-10
  8100   226.33919      0.0000000000000000E+00  6.3992928839021039E-10  6.2690471739243669E-10  1.3514428137034309E-06  5.2741327608271134E-10  2.1521352308565856E-10
  8130   227.17748      0.0000000000000000E+00  4.7937298453238945E-10  5.1349183056456001E-10  1.3388086492787197E-06  2.8679141710911622E-10  1.3730897859080986E-10
  8160   228.01578      0.0000000000000000E+00  7.1144815118955829E-10  6.3216089254966332E-10  1.2852569065081223E-06  9.7071216116627726E-10  4.1669861293157780E-10
  8190   228.85407      0.0000000000000000E+00  5.1600879353902612E-10  5.1096904429400117E-10  1.2832947058580954E-06  1.2698286087287073E-09  5.1609286628211368E-10
  8220   229.69236      0.0000000000000000E+00  4.8352198405331428E-10  5.2094039943406204E-10  1.3438471606458683E-06  5.5392018257148208E-10  2.6679650904146653E-10
  8250   230.53066      0.0000000000000000E+00  6.2384595236865342E-10  6.8291712729183186E-10  1.3230165121284786E-06  1.8982157484422476E-10  1.4707233618614127E-10
  8280   231.36895      0.0000000000000000E+00  4.4276438264457681E-10  3.5729695413515049E-10  1.2685761072525078E-06  1.2993531837717862E-09  5.5686527760931922E-10
  8310   232.20724      0.0000000000000000E+00  2.9370741691077028E-10  4.1990550628552055E-10  1.2841081875029528E-06  1.1559945771085411E-09  4.9863581372426469E-10
  8340   233.04554      0.0000000000000000E+00  4.3664854710229500E-10  5.2463516737899918E-10  1.2632421652933754E-06  2.4113090610771630E-10  1.6597801260822913E-10
  8370   233.88383      0.0000000000000000E+00  4.3354045560264817E-10  3.5995218480443449E-10  1.1884961056262395E-06  5.7193816484675330E-10  2.5937434877017847E-10
  8400   234.72212      0.0000000000000000E+00  3.1252762390852580E-10  3.5296346424339869E-10  1.2095191834826625E-06  1.2359586501573208E-09  4.8775796968777637E-10
  8430   235.56042      0.0000000000000000E+00  4.5741036472731774E-10  3.5109539598535132E-10  1.2457987575681046E-06  1.0269298071152445E-09  4.2020123621020745E-10
  8460   236.39871      0.0000000000000000E+00  5.3640339746485508E-10  5.4685218549450785E-10  1.1873794804044016E-06  1.4064250601944239E-10  8.2564085752151515E-11
  8490   237.23700      0.0000000000000000E+00  2.7930389549733416E-10  3.7353765383449361E-10  1.1814375670737868E-06  6.8902572753126587E-10  2.9216254886718002E-10
  8520   238.07530      0.0000000000000000E+00  3.2986545528825366E-10  3.7693580796375574E-10  1.2537250127277981E-06  1.4696044055763594E-09  6.3207792982917142E-10
  8550   238.91359      0.0000000000000000E+00  7.7183456582041560E-10  5.6736921352774961E-10  1.2471526258956347E-06  6.5257938647934210E-10  3.1276115053758951E-10
  8580   239.75188      0.0000000000000000E+00  3.9806227425288801E-10  2.3288005282873440E-10  1.2175544700749033E-06  2.4954794580364487E-10  1.6665014667351207E-10
  8610   240.59018      0.0000000000000000E+00  3.8270896199762798E-10  3.1698183787221514E-10  1.2584377939871251E-06  9.2719877401929331E-10  4.2433856645585103E-10
  8640   241.42847      0.0000000000000000E+00  7.8550126572198183E-10  6.0239149231678467E-10  1.2705284711999262E-06  1.3487538275423257E-09  5.5359565188172390E-10
  8670   242.26676      0.0000000000000000E+00  5.6450702980727566E-10  4.8575673169034596E-10  1.2524392822667460E-06  5.0167218985370248E-10  2.1705872106988839E-10
  8700   243.10506      0.0000000000000000E+00  4.3125498765470022E-10  3.2119906003146366E-10  1.2854990933237379E-06  2.0429355917703360E-10  1.1916552837099463E-10
  8730   243.94335      0.0000000000000000E+00  5.1382735974245318E-10  3.6066436010855014E-10  1.2743000400703979E-06  1.2373020756801746E-09  4.9664313568500849E-10
  8760   244.78164      0.0000000000000000E+00  7.6204828213399473E-10  6.4702842063497701E-10  1.2081261902990522E-06  1.1360854996505952E-09  4.5811658206674869E-10
  8790   245.61994      0.0000000000000000E+00  3.8142276474628662E-10  1.9861806174135971E-10  1.2610178386306548E-06  3.4564687824300727E-10  1.6855844146254801E-10
  8820   246.45823      0.0000000000000000E+00  3.3231024338534863E-10  3.2177476816791521E-10  1.3281541807447191E-06  4.5617144137403415E-10  2.4063384037105194E-10
  8850   247.29652      0.0000000000000000E+00  7.4938945685250953E-10  5.2004484650668216E-10  1.2624507031746656E-06  1.2688824738673797E-09  5.3408085646464039E-10
  8880   248.13482      0.0000000000000000E+00  4.2102239101411056E-10  3.3747146683422393E-10  1.2310369278173023E-06  1.1000031202260486E-09  4.7730750763069949E-10
  8910   248.97311      0.0000000000000000E+00  2.4522732708307939E-10  4.1459800080548695E-10  1.2899041869949989E-06  1.0457173579867538E-10  1.2680263169462719E-10
  8940   249.81140      0.0000000000000000E+00  6.2601538580468243E-10  3.1428525175159614E-10  1.2833144678869412E-06  7.3831149239482139E-10  3.3303464028119248E-10
  8970   250.64970      0.0000000000000000E+00  5.3248074135774108E-10  3.5207026666255005E-10  1.2789083657598901E-06  1.3734177947921212E-09  5.5713085683353754E-10
  9000   251.48799      0.0000000000000000E+00  3.2210119750286351E-10  2.2194014109396910E-10  1.3326818405289220E-06  6.9439663953561359E-10  2.9395637062452963E-10
  9030   252.32628      0.0000000000000000E+00  4.1058157878589258E-10  2.9644452579310745E-10  1.3295267800798617E-06  2.7850963006645353E-10  1.1943751253391372E-10
  9060   253.16458      0.0000000000000000E+00  6.1445940453692806E-10  7.7263212345476417E-10  1.3147839721919304E-06  7.9102636628724673E-10  3.3204314492346907E-10
  9090   254.00287      0.0000000000000000E+00  3.5715251685228759E-10  2.7195155263507437E-10  1.3317505253559128E-06  1.4276742107604284E-09  5.8963422545084390E-10
  9120   254.84116      0.0000000000000000E+00  3.0600777101897624E-10  4.6860987832200041E-10  1.3088406443659124E-06  5.4222178033891139E-10  2.5541144791523085E-10
  9150   255.67946      0.0000000000000000E+00  6.7786928858556096E-10  9.0877589921560900E-10  1.3157954066056248E-06  1.9542319537910791E-10  1.4691357712664937E-10
  9180   256.51775      0.0000000000000000E+00  3.8371431648866506E-10  5.9462907435104192E-10  1.4227274451528811E-06  1.2481233188279888E-09  5.5917265837415252E-10
  9210   257.35604      0.0000000000000000E+00  2.3682998853787054E-10  6.6150230785081467E-10  1.4641773240585855E-06  1.1195562232551622E-09  4.6887872526899515E-10
  9240   258.19434      0.0000000000000000E+00  5.5694882503367024E-10  9.1345149701688411E-10  1.4102088709545416E-06  4.1486466727901980E-10  1.9638583624396734E-10
  9270   259.03263      0.0000000000000000E+00  5.4314309953193613E-10  1.1664678849013463E-09  1.4014164500308333E-06  3.9278112809182469E-10  2.0521541389388696E-10
  9300   259.87092      0.0000000000000000E+00  4.3389989847651244E-10  4.9940909179187454E-10  1.4088502783569931E-06  1.1990669292967708E-09  4.8780356087695729E-10
  9330   260.70922      0.0000000000000000E+00  3.2926172743057380E-10  9.5545103227447442E-10  1.4054530722790941E-06  1.1859482384345210E-09  4.6152887052349277E-10
  9360   261.54751      0.0000000000000000E+00  7.5349275127812722E-10  1.5511125038496353E-09  1.4526749285505178E-06  9.0445151528481965E-11  8.0098922870382574E-11
  9390   262.38580      0.0000000000000000E+00  3.2347084917552275E-10  8.9507401503969804E-10  1.4583914734174405E-06  6.7007108132456586E-10  2.9638974420031228E-10
  9420   263.22410      0.0000000000000000E+00  3.7141115897302328E-10  8.0292996635940980E-10  1.3900644271364888E-06  1.4108798077242162E-09  5.7496086137709892E-10
  9450   264.06239      0.0000000000000000E+00  7.9675967767947173E-10  1.8779516048295546E-09  1.4159644948646246E-06  7.5112522889678427E-10  3.4031928671432933E-10
  9480   264.90068      0.0000000000000000E+00  5.2761862457691507E-10  1.2819477751382186E-09  1.4728057787541667E-06  2.7576177922185854E-10  2.0088805865907905E-10
  9510   265.73898      0.0000000000000000E+00  2.7445360511422403E-10  6.4058618193599885E-10  1.4076019882635813E-06  7.8173373798654516E-10  3.5065247169104443E-10
  9540   266.57727      0.0000000000000000E+00  6.9108945881139421E-10  1.3714991782359020E-09  1.3765870219601954E-06  1.4380818762353165E-09  6.0394649898856872E-10
  9570   267.41556      0.0000000000000000E+00  7.4779572172275511E-10  1.6172473742527664E-09  1.4509435818460273E-06  5.7121104042811169E-10  2.5449625863212367E-10
  9600   268.25386      0.0000000000000000E+00  9.0893369491589238E-10  8.4692046419434853E-10  1.4882121622558324E-06  1.3964579853508067E-10  7.4714725800946825E-11
  9630   269.09215      0.0000000000000000E+00  5.8092892536694905E-10  1.0363390797701625E-09  1.5043523352475610E-06  1.1804499185153759E-09  4.7400073145410396E-10
  9660   269.93044      0.0000000000000000E+00  1.3217767543007901E-09  1.7764169099309923E-09  1.5256056120377748E-06  1.1900326110724876E-09  4.7929783229590363E-10
  9690   270.76874      0.0000000000000000E+00  5.6664010455125263E-10  6.7055865927715906E-10  1.5008440226746180E-06  4.1143070888622876E-10  1.8809716065098193E-10
  9720   271.60703      0.0000000000000000E+00  8.5248445803287781E-10  4.5332437435365083E-10  1.5007345926387022E-06  3.7741701431742841E-10  2.1043675552581343E-10
  9750   272.44532      0.0000000000000000E+00  1.0818374093140153E-09  1.4891389677106259E-09  1.5689755983908582E-06  1.2560592267335977E-09  5.5084038364552493E-10
  9780   273.28362      0.0000000000000000E+00  1.0152855478258242E-09  9.5562937570828141E-10  1.5702686636785701E-06  1.1773591379267641E-09  4.8977144499546600E-10
  9810   274.12191      0.0000000000000000E+00  6.3625960335218150E-10  1.7864993598273936E-10  1.5126552447833805E-06  1.5899102184832557E-10  1.2520888816695129E-10
  9840   274.96020      0.0000000000000000E+00  5.3388074602555293E-10  5.6228507953229898E-10  1.5318472680002940E-06  6.1185841579793985E-10  3.0641052490741940E-10
  9870   275.79850      0.0000000000000000E+00  9.8572566127518822E-10  8.2996336875350987E-10  1.5859796804172096E-06  1.3599657518757331E-09  5.4253766873931815E-10
  9900   276.63679      0.0000000000000000E+00  3.0001590428386277E-10  8.5140619315899583E-11  1.5811517032081283E-06  8.7332479690775094E-10  3.5758047929193152E-10
  9930   277.47508      0.0000000000000000E+00  6.4615379639599522E-10  2.4038617118340179E-10  1.5648995520537854E-06  1.6590372820361779E-10  1.1251556140838856E-10
  9960   278.31338      0.0000000000000000E+00  5.7106753587925510E-10  5.2527020784910737E-10  1.5530596823758072E-06  7.4932216197411695E-10  3.0137602794895081E-10
  9990   279.15167      0.0000000000000000E+00  6.0520413757351786E-10  1.8946876560472326E-10  1.5723403720631002E-06  1.5036837754424745E-09  5.8138392534314711E-10
 10020   279.98996      0.0000000000000000E+00  3.4933791853470879E-10  1.8008322159460796E-10  1.6139239184160169E-06  5.3709667433669846E-10  2.6393506942523095E-10
 10050   280.82826      0.0000000000000000E+00  5.2471019091888523E-10  3.0020654845595409E-10  1.6333593466831797E-06  2.1736159097283250E-10  1.7932082233033200E-10
 10080   281.66655      0.0000000000000000E+00  4.3922603164432503E-10  2.9486839464338085E-10  1.6310531119038106E-06  1.1307075280245160E-09  4.6981672599539288E-10
 10110   282.50484      0.0000000000000000E+00  2.0191701720920188E-10  4.2330697388109877E-10  1.6444698131362249E-06  1.2257720769732632E-09  5.4982604978725177E-10
 10140   283.34314      0.0000000000000000E+00  4.6873422416271217E-10  3.1139511934540277E-10  1.6427131099898264E-06  4.9231525292420780E-10  2.4234874935478187E-10
 10170   284.18143      0.0000000000000000E+00  8.2770894567330453E-10  3.6848285018544054E-10  1.6477574179085861E-06  2.4882805333880805E-10  1.2142993964466097E-10
 10200   285.01972      0.0000000000000000E+00  2.6742829252294172E-10  6.1878444990558600E-10  1.6614947241317723E-06  1.2886788048242621E-09  5.2398618718431551E-10
 10230   285.85802      0.0000000000000000E+00  3.1034229088089126E-10  4.2319707633278297E-10  1.6626976539696950E-06  1.1521689279737340E-09  4.5394578734470622E-10
 10260   286.69631      0.0000000000000000E+00  6.1927095319398461E-10  6.3642057735617800E-10  1.6698395413403229E-06  1.2527760470974102E-10  7.5025054854138183E-11
 10290   287.53460      0.0000000000000000E+00  3.7854740798746093E-10  4.2515186739545344E-10  1.7031081495675583E-06  6.6521202769477405E-10  3.0752720452509233E-10
 10320   288.37290      0.0000000000000000E+00  1.9245315099863979E-10  7.4153300737900398E-10  1.6786927146818909E-06  1.2822265233701940E-09  5.3880857806627435E-10
 10350   289.21119      0.0000000000000000E+00  5.8788587482404323E-10  4.3240762182881869E-10  1.6604230002946265E-06  9.3966378027328964E-10  4.0810842574124876E-10
 10380   290.04948      0.0000000000000000E+00  5.6430471227034794E-10  4.8615979620459068E-10  1.7292516887305526E-06  2.2720960892659189E-10  1.6201215860825225E-10
 10410   290.88778      0.0000000000000000E+00  2.1795492239797160E-10  7.6096681009833954E-10  1.7602273994649024E-06  6.6501400397529322E-10  3.3594907400193011E-10
 10440   291.72607      0.0000000000000000E+00  5.6506472003896760E-10  4.0316531412385410E-10  1.7300621195084691E-06  1.5246181014860958E-09  6.1302592330367016E-10
 10470   292.56436      0.0000000000000000E+00  7.1749412943565889E-10  5.4188282175870928E-10  1.7641738206029874E-06  5.5782703099198066E-10  2.5970649298830376E-10
 10500   293.40265      0.0000000000000000E+00  3.9566379550338175E-10  3.7224035320040176E-10  1.7623382669642576E-06  2.0430782996752292E-10  1.2516752048675576E-10
 10530   294.24095      0.0000000000000000E+00  3.7236388502601579E-10  3.2482567893028087E-10  1.6762214009516145E-06  1.0755785395483722E-09  4.1635836452425074E-10
 10560   295.07924      0.0000000000000000E+00  8.5308405466109592E-10  4.4539022345360815E-10  1.7148497625601759E-06  1.2099183262030196E-09  4.8052727987653241E-10
 10590   295.91753      0.0000000000000000E+00  4.9640819125834173E-10  2.5871219417583967E-10  1.7803633808446069E-06  5.4902230320622789E-10  2.6194283866237793E-10
 10620   296.75583      0.0000000000000000E+00  3.6766552691159325E-10  4.6812798652147056E-10  1.6990660698334497E-06  2.2839022087096752E-10  1.3629014834964153E-10
 10650   297.59412      0.0000000000000000E+00  6.0448028131832228E-10  4.8579895220050081E-10  1.6612109264971254E-06  1.2293496158577616E-09  5.3502302144497874E-10
 10680   298.43241      0.0000000000000000E+00  5.8949803829349335E-10  3.5690271043362674E-10  1.7188496745806391E-06  1.2384453509603606E-09  5.4571009721139528E-10
 10710   299.27071      0.0000000000000000E+00  2.8090082049674100E-10  3.3703748045172912E-10  1.6664267878369951E-06  1.7770965497171318E-10  1.2357142416085968E-10
