! EM field energy per field component
  Iter        Time                          B1                      B2                      B3                      E1                      E2                      E3
     0   0.0000000      0.0000000000000000E+00  0.0000000000000000E+00  0.0000000000000000E+00  0.0000000000000000E+00  0.0000000000000000E+00  0.0000000000000000E+00
    31  0.99200000      0.0000000000000000E+00  4.7070139538859782E-10  5.1734696329031001E-10  1.0279818975756175E-08  1.0456423606127035E-09  4.4089937833361320E-10
    62   1.9840000      0.0000000000000000E+00  3.9196461565521100E-10  4.4694044164043704E-10  5.6126608943323485E-07  1.2774668027568083E-09  5.4992699564960152E-10
    93   2.9760000      0.0000000000000000E+00  1.7020534055408760E-10  1.3106423427627880E-10  4.6949493378683734E-06  1.3036223407538483E-10  1.0179463378621022E-10
   124   3.9680000      0.0000000000000000E+00  7.6394929088275782E-10  8.0169603298722757E-10  1.1500915663855570E-05  7.9116968392518076E-10  3.5644779099945072E-10
   155   4.9600000      0.0000000000000000E+00  4.9590094454101163E-10  3.8928277853790130E-10  1.5626142348407766E-05  1.4609672786081634E-09  6.1701427483988517E-10
   186   5.9520000      0.0000000000000000E+00  2.9910219513547351E-10  2.2922082683559413E-10  1.1977871265121592E-05  3.2891730928506133E-10  1.6703476323444520E-10
   217   6.9440000      0.0000000000000000E+00  9.1049995634425578E-10  1.1146300062013343E-09  1.0391108246261925E-05  5.3032284225147708E-10  2.3939001162594068E-10
   248   7.9360000      0.0000000000000000E+00  4.1224539225721933E-10  3.7857204108361467E-10  9.0888831103682800E-06  1.4867410582626888E-09  6.5055272402631570E-10
   279   8.9280000      0.0000000000000000E+00  3.9054317248019574E-10  3.9970300108726228E-10  6.6850675371600850E-06  5.6228682601904510E-10  2.6949330157939941E-10
   310   9.9200000      0.0000000000000000E+00  9.2834636590541519E-10  1.3359748547540156E-09  7.7744254360166044E-06  2.9928411784342767E-10  1.4730947369535447E-10
   341   10.912000      0.0000000000000000E+00  4.2720228348043161E-10  3.9175441103020735E-10  6.0197621938415136E-06  1.3408832683464580E-09  5.5852532334853183E-10
   372   11.904000      0.0000000000000000E+00  4.1187000387972274E-10  6.2750766507233134E-10  5.2207101275286670E-06  7.7246046020145252E-10  3.4967882294458601E-10
   403   12.896000      0.0000000000000000E+00  7.1985496129986338E-10  1.2302038998763960E-09  5.4300474904066027E-06  1.6535942421157865E-10  9.5466506895489168E-11
   434   13.888000      0.0000000000000000E+00  3.0968118974594676E-10  2.5880355156989225E-10  4.6571341862397543E-06  1.2075045399718283E-09  5.0748676560980172E-10
   465   14.880000      0.0000000000000000E+00  3.8774749447632383E-10  6.4966800496106657E-10  4.1521941090728384E-06  9.7686656825887971E-10  4.6050308420285944E-10
   496   15.872000      0.0000000000000000E+00  4.3657474374586403E-10  8.7316277256986275E-10  3.8144220138017107E-06  2.1209506593109883E-10  1.1256539876624806E-10
   527   16.864000      0.0000000000000000E+00  3.5828130953565340E-10  1.6103114886955834E-10  4.1517063303216458E-06  1.0516885057071875E-09  4.2274106882740023E-10
   558   17.856000      0.0000000000000000E+00  3.5282776888410037E-10  6.9524999798581092E-10  3.0550221836641705E-06  1.1475237460446005E-09  5.0197686438021099E-10
   589   18.848000      0.0000000000000000E+00  2.9853824745060376E-10  5.5905205542310382E-10  3.0419085972293242E-06  3.1308214425752703E-10  1.6708365566408802E-10
   620   19.840000      0.0000000000000000E+00  3.1837501575578765E-10  1.8109176844179593E-10  3.4864635161776738E-06  8.7950236471154641E-10  3.6831181930102740E-10
   651   20.832000      0.0000000000000000E+00  3.2143246188015836E-10  8.0933372671764880E-10  2.3380607421516034E-06  1.2356732688848915E-09  5.4082091932296297E-10
   682   21.824000      0.0000000000000000E+00  2.4624227960485835E-10  4.6214988727071522E-10  2.5472010333410347E-06  3.6880473591048396E-10  2.0236028168925012E-10
   713   22.816000      0.0000000000000000E+00  3.3910068390369106E-10  3.2176483317626286E-10  2.6233016055674296E-06  6.7052071295754565E-10  2.7277571256465155E-10
   744   23.808000      0.0000000000000000E+00  3.7388855195672334E-10  8.0971995362548760E-10  1.9381729716799962E-06  1.2365608201744295E-09  5.0208815849943279E-10
   775   24.800000      0.0000000000000000E+00  3.2532793363382432E-10  3.9401052389610574E-10  2.0753125490374557E-06  4.4120370767971348E-10  2.5043735760123908E-10
   806   25.792000      0.0000000000000000E+00  4.3789422823493161E-10  3.1239557328047205E-10  1.9623967396502835E-06  5.1754614517987200E-10  2.4309975309395926E-10
   837   26.784000      0.0000000000000000E+00  4.3762196588251119E-10  5.3228394382363237E-10  1.7522117603604663E-06  1.2878232050988929E-09  5.4082572935834161E-10
   868   27.776000      0.0000000000000000E+00  3.6971677040046830E-10  3.1790074309924356E-10  1.6422657069853785E-06  5.6201641485850222E-10  2.9208415586072035E-10
   899   28.768000      0.0000000000000000E+00  4.0729592637805692E-10  1.9719908111743078E-10  1.5199242951760598E-06  4.2896223010653077E-10  2.0001571054696704E-10
   930   29.760000      0.0000000000000000E+00  2.8024850595612323E-10  3.0327267927763731E-10  1.7057729595300962E-06  1.3150118088912405E-09  5.2475486556679918E-10
   961   30.752000      0.0000000000000000E+00  5.1645105023528443E-10  3.5775132220439044E-10  1.3182650313823088E-06  7.4086931153892773E-10  3.5703575597567055E-10
   992   31.744000      0.0000000000000000E+00  4.8709569912420513E-10  1.6637805488629326E-10  1.1448789119054540E-06  3.4907866489829762E-10  2.1744440452032078E-10
  1023   32.736000      0.0000000000000000E+00  3.8087554743462688E-10  2.5057410453307772E-10  1.6457497803014577E-06  1.2638633926019769E-09  5.1193002574300714E-10
  1054   33.728000      0.0000000000000000E+00  8.9736031268598989E-10  4.9877138529418926E-10  1.1324764664588680E-06  8.9759182763754837E-10  3.8586592245817942E-10
  1085   34.720000      0.0000000000000000E+00  5.4469923274606249E-10  2.8228453061742663E-10  9.4166824489950666E-07  1.8942978725207049E-10  1.2547851997772895E-10
  1116   35.712000      0.0000000000000000E+00  4.6626135102513643E-10  2.9015017341569092E-10  1.7384047819373059E-06  1.1178573943986124E-09  4.5155623375718881E-10
  1147   36.704000      0.0000000000000000E+00  1.0485939372082162E-09  4.8503084445979643E-10  1.1637182750214925E-06  1.0597299588373468E-09  4.3858946766350304E-10
  1178   37.696000      0.0000000000000000E+00  5.0339654609736329E-10  2.5719353932329400E-10  8.6736412168788247E-07  1.3981355038047943E-10  1.3607682422227065E-10
  1209   38.688000      0.0000000000000000E+00  4.5115322875365570E-10  2.4061230704966886E-10  1.9115263083489339E-06  9.3057950540378695E-10  3.9851638635393451E-10
  1240   39.680000      0.0000000000000000E+00  8.6239516764436759E-10  4.3647975081067608E-10  1.3920913444790451E-06  1.2651364893733535E-09  4.9906143859195128E-10
  1271   40.672000      0.0000000000000000E+00  2.9337085903377658E-10  2.5763199681784377E-10  9.3985026449375593E-07  2.0922175171281848E-10  1.3951187037496810E-10
  1302   41.664000      0.0000000000000000E+00  3.4215344813276696E-10  2.6498056301192644E-10  2.0481037913164234E-06  7.2637498304300609E-10  3.4297173914531977E-10
  1333   42.656000      0.0000000000000000E+00  4.8504598335638188E-10  2.4409166054741028E-10  1.5496796104078607E-06  1.4577296079887848E-09  6.0337486086878986E-10
  1364   43.648000      0.0000000000000000E+00  1.4112270928037352E-10  1.6960272539843892E-10  8.5021040677451409E-07  3.8661869208056217E-10  2.0591033034642473E-10
  1395   44.640000      0.0000000000000000E+00  2.4921129455283871E-10  4.0131730602696469E-10  1.9431358116806347E-06  4.7835930886485427E-10  2.6473629895952577E-10
  1426   45.632000      0.0000000000000000E+00  3.1347677636446507E-10  2.0013917046776918E-10  1.6149015937620511E-06  1.4768460094508633E-09  5.9435209899543678E-10
  1457   46.624000      0.0000000000000000E+00  1.4256721963549896E-10  2.1519144140577134E-10  7.8697916070391365E-07  5.8981336559376994E-10  2.5296651285413068E-10
  1488   47.616000      0.0000000000000000E+00  2.7543998050646805E-10  5.6703243659703662E-10  1.7837638235077640E-06  2.1749123876717690E-10  1.6650836020026504E-10
  1519   48.608000      0.0000000000000000E+00  1.2812222141112634E-10  1.6388257709239327E-10  1.5564842575098427E-06  1.3787434375862594E-09  5.9402075665160851E-10
  1550   49.600000      0.0000000000000000E+00  2.1932393771896664E-10  2.3424853489149565E-10  6.6439226098999477E-07  8.3367395518389002E-10  3.4368715795495263E-10
  1581   50.592000      0.0000000000000000E+00  2.8585305754403302E-10  5.2171749422364037E-10  1.5880861388438066E-06  7.2988955280402488E-11  9.4279094193882001E-11
  1612   51.584000      0.0000000000000000E+00  1.3635261661845835E-10  1.7887485135222104E-10  1.4141333745453366E-06  1.1898487678614640E-09  5.1443045152154806E-10
  1643   52.576000      0.0000000000000000E+00  3.9130568133745764E-10  2.7864667274370140E-10  5.8903341828737052E-07  1.1082398519604717E-09  4.2628534409766220E-10
  1674   53.568000      0.0000000000000000E+00  1.5921994126561282E-10  4.0247395732859934E-10  1.5065655302275946E-06  1.0500569042108491E-10  1.0372922219737849E-10
  1705   54.560000      0.0000000000000000E+00  2.6123003609329210E-10  1.3388072065009609E-10  1.3675602474673214E-06  9.8695180152790759E-10  4.6634068192975043E-10
  1736   55.552000      0.0000000000000000E+00  3.5496830915223307E-10  1.4161436876959507E-10  7.3485882355207783E-07  1.3425554813414010E-09  5.4056311952311485E-10
  1767   56.544000      0.0000000000000000E+00  1.5717414407323097E-10  2.2073696394353483E-10  1.6653963073847313E-06  2.3376269286756673E-10  1.2119764054792298E-10
  1798   57.536000      0.0000000000000000E+00  3.8340908673019531E-10  2.1589101711332783E-10  1.5120377630429553E-06  7.2273719544213387E-10  3.4306185417248727E-10
  1829   58.528000      0.0000000000000000E+00  2.1368613017728444E-10  1.5748480068378962E-10  9.4005632036030109E-07  1.4056085358563191E-09  5.7223100935631240E-10
  1860   59.520000      0.0000000000000000E+00  1.6449141240359283E-10  1.9164245858756307E-10  1.8112277837783517E-06  3.9652070371930079E-10  1.7757640948368720E-10
  1891   60.512000      0.0000000000000000E+00  4.4285495285831883E-10  3.8026340617430945E-10  1.6497977272288253E-06  4.5700719741037134E-10  2.5141234651708710E-10
  1922   61.504000      0.0000000000000000E+00  1.8836603402368021E-10  2.6738720130950242E-10  1.0738007024797438E-06  1.3759262805202774E-09  5.8826006334590210E-10
  1953   62.496000      0.0000000000000000E+00  2.7270185372642593E-10  2.4360670345386859E-10  1.8043150473027263E-06  5.6398222038602370E-10  2.3228809086611355E-10
  1984   63.488000      0.0000000000000000E+00  3.8528498419415032E-10  3.5205748694764378E-10  1.5853152449045212E-06  2.9746868770867068E-10  1.6628204077565750E-10
  2015   64.480000      0.0000000000000000E+00  1.9880687401679815E-10  3.6865753085276423E-10  1.1007149392591393E-06  1.2971819675839100E-09  5.6908639144229362E-10
  2046   65.472000      0.0000000000000000E+00  2.0136125961255079E-10  2.2226329240757099E-10  1.7602901316151088E-06  7.9476106107601021E-10  3.4403330434599310E-10
  2077   66.464000      0.0000000000000000E+00  2.4964007541969738E-10  2.8733042354249107E-10  1.5295695527102014E-06  2.9399870651635125E-10  1.7524967611507745E-10
  2108   67.456000      0.0000000000000000E+00  1.8259317859158817E-10  4.9834921379279551E-10  1.0872670670092636E-06  1.1986772199520664E-09  5.3462747451974572E-10
  2139   68.448000      0.0000000000000000E+00  1.6496902493556206E-10  1.8635393358347544E-10  1.6359363144460326E-06  9.9001740020203272E-10  4.2660752453517720E-10
  2170   69.440000      0.0000000000000000E+00  1.6011837835923807E-10  3.0446207438476673E-10  1.4048005379595475E-06  2.7970155641898308E-10  1.2473632896160661E-10
  2201   70.432000      0.0000000000000000E+00  1.7426056505195393E-10  5.8628557657660158E-10  1.1245543780592579E-06  1.0440025274057095E-09  4.5522333804226273E-10
  2232   71.424000      0.0000000000000000E+00  2.4367609432332630E-10  1.9829335782987062E-10  1.5582442724214102E-06  1.1090274126065589E-09  4.8956484072301383E-10
  2263   72.416000      0.0000000000000000E+00  1.2350105944606266E-10  4.3645647868322188E-10  1.3267402804198994E-06  2.7197184399476937E-10  1.3722614588479350E-10
  2294   73.408000      0.0000000000000000E+00  3.4717569997073808E-10  6.9063389926495720E-10  1.2098164078178251E-06  8.5565924028243084E-10  3.7241469164753581E-10
  2325   74.400000      0.0000000000000000E+00  3.2906244005473192E-10  2.7361480402619475E-10  1.6104478056704303E-06  1.1716715453233479E-09  4.9710393333775029E-10
  2356   75.392000      0.0000000000000000E+00  2.4142427665889758E-10  6.1064964692513521E-10  1.3948878003136387E-06  2.8662300779732443E-10  1.3769112795573268E-10
  2387   76.384000      0.0000000000000000E+00  4.4991278227963638E-10  4.9195076315171345E-10  1.2908603764517113E-06  7.1142140427984711E-10  3.0420294429775756E-10
  2418   77.376000      0.0000000000000000E+00  2.6234432096891368E-10  2.5106072279092648E-10  1.5150593508824233E-06  1.2874848857962016E-09  5.7978661902474760E-10
  2449   78.368000      0.0000000000000000E+00  2.4890512152525446E-10  6.9700121906627535E-10  1.2284611159592041E-06  4.0945276970500635E-10  2.1117423586365235E-10
  2480   79.360000      0.0000000000000000E+00  3.3035483725501376E-10  3.6061298786886137E-10  1.2983824056356285E-06  5.8695271758028706E-10  2.4711216403013214E-10
  2511   80.352000      0.0000000000000000E+00  1.4219835778778532E-10  2.7974679318013729E-10  1.4707210088894337E-06  1.3658166709298403E-09  5.7028650038700692E-10
  2542   81.344000      0.0000000000000000E+00  3.7647063712295706E-10  6.2805536973647179E-10  1.1890449035614273E-06  5.6154260214338400E-10  2.7961984056277520E-10
  2573   82.336000      0.0000000000000000E+00  1.9670795985729656E-10  2.1943602241814286E-10  1.3849003786019564E-06  4.2897281215891206E-10  1.9768211010900041E-10
  2604   83.328000      0.0000000000000000E+00  1.6001283399938778E-10  1.7964751816846438E-10  1.4905927012202564E-06  1.3788249089931874E-09  5.9209269331268316E-10
  2635   84.320000      0.0000000000000000E+00  2.7008934199868027E-10  5.7414194857274219E-10  1.3089894041261751E-06  7.2219196571849449E-10  3.5613175322988876E-10
  2666   85.312000      0.0000000000000000E+00  2.0763861304596437E-10  2.1764937267347321E-10  1.7208637543769126E-06  2.2083541248780531E-10  1.0638998620507741E-10
  2697   86.304000      0.0000000000000000E+00  2.3653204984236790E-10  2.2575387255824756E-10  1.7143067619198874E-06  1.2558173307498469E-09  5.0940187870592837E-10
  2728   87.296000      0.0000000000000000E+00  3.0054184453884616E-10  6.2111948716908005E-10  1.3413809223600689E-06  9.1241579642534957E-10  4.1534863622688518E-10
  2759   88.288000      0.0000000000000000E+00  1.8596908031667709E-10  3.5699183134278954E-10  1.9969336589529521E-06  1.0627950004959474E-10  9.5802479185121313E-11
  2790   89.280000      0.0000000000000000E+00  1.2515426048536994E-10  2.4203044177925096E-10  2.0173794886531256E-06  1.1066278018079282E-09  4.5754127433196180E-10
  2821   90.272000      0.0000000000000000E+00  1.7155769244109252E-10  6.4125356208700850E-10  1.4693959106216890E-06  1.1909047901466681E-09  5.2555507480315394E-10
  2852   91.264000      0.0000000000000000E+00  1.8400188751962286E-10  3.6737374411275716E-10  2.1210209469064943E-06  1.2641237591719315E-10  1.0061161990360635E-10
  2883   92.256000      0.0000000000000000E+00  2.6064839303938271E-10  3.4518322754876586E-10  2.0813304709121203E-06  9.0629930924401492E-10  3.6716998051470590E-10
  2914   93.248000      0.0000000000000000E+00  2.5808214285453352E-10  4.5756451475464631E-10  1.5580344600897372E-06  1.4208429486239267E-09  5.9532974746937396E-10
  2945   94.240000      0.0000000000000000E+00  1.7807754544978850E-10  2.0325652109858083E-10  2.1509077829228196E-06  2.5779697025773891E-10  1.6942931050267079E-10
  2976   95.232000      0.0000000000000000E+00  3.7737919063867014E-10  5.0565397008816981E-10  1.9619711674632552E-06  6.3003475246502998E-10  2.8418442549817786E-10
  3007   96.224000      0.0000000000000000E+00  1.6833313046053682E-10  2.7299062881550835E-10  1.4043989677536637E-06  1.4972558860097051E-09  6.0014266084159808E-10
  3038   97.216000      0.0000000000000000E+00  1.4045842889530488E-10  1.4395495632201226E-10  1.8662123361464813E-06  4.2248086469178325E-10  2.2544867929843508E-10
  3069   98.208000      0.0000000000000000E+00  5.6677886456453138E-10  7.0872284542148581E-10  1.6722712997664331E-06  3.1407131697710466E-10  1.5817021066299489E-10
  3100   99.200000      0.0000000000000000E+00  2.6569594009119835E-10  2.0011440584943958E-10  1.2890650317178038E-06  1.4367031677748468E-09  5.6933910399520320E-10
