! EM field energy per field component
  Iter        Time                          B1                      B2                      B3                      E1                      E2                      E3
     0   0.0000000      0.0000000000000000E+00  0.0000000000000000E+00  0.0000000000000000E+00  0.0000000000000000E+00  0.0000000000000000E+00  0.0000000000000000E+00
    31  0.99200000      0.0000000000000000E+00  2.2202036852547287E-10  6.6251210661093278E-10  1.1561650528004806E-08  2.2901910005015958E-10  9.4164146041950391E-11
    62   1.9840000      0.0000000000000000E+00  2.1426075460622961E-10  4.2108476905518568E-10  6.1987972425995634E-07  3.7318369439435667E-10  9.2301620766030005E-11
    93   2.9760000      0.0000000000000000E+00  7.8944886657861010E-11  1.7655516822111371E-10  6.1142333017147953E-06  6.9826764484586610E-11  4.0782508057954226E-11
   124   3.9680000      0.0000000000000000E+00  4.1258198715514147E-10  6.2257628424599771E-10  1.4606201764169005E-05  1.4579564035695968E-10  6.7636301104409738E-11
   155   4.9600000      0.0000000000000000E+00  2.7638686802943516E-10  2.2512775306749532E-10  1.8979402060882972E-05  3.8332147441012368E-10  1.1158421859507311E-10
   186   5.9520000      0.0000000000000000E+00  1.7119080235971349E-10  2.4032867385042298E-10  1.8607844016565605E-05  1.7584447853900458E-10  7.0653328033258443E-11
   217   6.9440000      0.0000000000000000E+00  6.0717738522360915E-10  5.3647447809136140E-10  1.4070471333279010E-05  6.8767824986952677E-11  4.0270844311126109E-11
   248   7.9360000      0.0000000000000000E+00  2.6394481042203416E-10  2.8663728492028187E-10  1.5972921590779058E-05  3.4321833250079409E-10  1.1458216540970943E-10
   279   8.9280000      0.0000000000000000E+00  2.7659432293950406E-10  3.3597306502885778E-10  1.4531406048730447E-05  2.7309718024141568E-10  8.3759870738708288E-11
   310   9.9200000      0.0000000000000000E+00  7.6458509743125589E-10  5.4946426622360770E-10  1.1657045733846103E-05  5.2954600331199668E-11  2.7780760532837125E-11
   341   10.912000      0.0000000000000000E+00  3.0677522242923616E-10  4.4593095628664051E-10  1.5168397982004246E-05  2.3323075525135582E-10  7.0892050186518999E-11
   372   11.904000      0.0000000000000000E+00  4.1774939617088783E-10  3.9997139543845063E-10  1.2073978301265155E-05  3.3623177976244149E-10  9.7431476754187835E-11
   403   12.896000      0.0000000000000000E+00  7.9143663107153937E-10  6.3829040005219489E-10  1.0546237123155414E-05  9.1645371243846342E-11  4.0651783016239144E-11
   434   13.888000      0.0000000000000000E+00  3.5260772536354018E-10  5.8280304151593233E-10  1.3850147367388977E-05  1.4444182023992545E-10  4.7219527649923088E-11
   465   14.880000      0.0000000000000000E+00  5.1982224855609447E-10  4.4530296382896767E-10  1.0183523790588626E-05  3.4885567955161110E-10  1.0304583404770437E-10
   496   15.872000      0.0000000000000000E+00  5.6265767998893191E-10  6.5061141357390235E-10  9.9894767212610593E-06  1.7886904179252506E-10  6.7854945563050167E-11
   527   16.864000      0.0000000000000000E+00  1.7678053100452089E-10  5.8844940970402198E-10  1.1925303780166158E-05  1.0438989066955083E-10  4.3535262416254258E-11
   558   17.856000      0.0000000000000000E+00  4.3866999755667618E-10  5.6531770337675295E-10  8.8912496962553410E-06  3.0187617927920240E-10  9.4129671597854067E-11
   589   18.848000      0.0000000000000000E+00  3.6130616361965992E-10  5.5346261301905860E-10  9.5877806382115162E-06  2.5753669970348135E-10  9.7611422377768235E-11
   620   19.840000      0.0000000000000000E+00  1.2353912883207166E-10  5.4436885475732032E-10  9.8806137256811886E-06  1.0663322016096814E-10  4.0425627149534485E-11
   651   20.832000      0.0000000000000000E+00  3.7456497788902262E-10  5.8616879409331333E-10  8.0124441918033570E-06  2.1834519543267771E-10  6.3592068271768085E-11
   682   21.824000      0.0000000000000000E+00  2.2358772806256438E-10  3.5094020006937635E-10  8.7672236989603726E-06  3.1835416312217778E-10  1.0669385907049362E-10
   713   22.816000      0.0000000000000000E+00  2.0111853485209914E-10  4.5107856655985804E-10  8.0491192451705975E-06  1.2831533207129381E-10  5.2521198741907988E-11
   744   23.808000      0.0000000000000000E+00  3.9792513217220680E-10  4.6190366705169032E-10  7.6933983871969793E-06  1.4559714859134990E-10  3.6406284742268048E-11
   775   24.800000      0.0000000000000000E+00  1.8570991689766064E-10  3.0192419895785735E-10  8.0037359535600544E-06  2.9345458886769022E-10  9.4687875715936807E-11
   806   25.792000      0.0000000000000000E+00  2.4871061227410509E-10  3.9815839321623638E-10  6.8423271662862279E-06  1.9726595673056902E-10  6.7816040256352248E-11
   837   26.784000      0.0000000000000000E+00  3.8637633162680371E-10  3.5820710893302474E-10  7.3994007436331839E-06  1.3658705481178322E-10  4.4651660152055582E-11
   868   27.776000      0.0000000000000000E+00  2.5859670669439596E-10  3.4510449417282336E-10  7.1277575771055703E-06  2.3752815699885973E-10  8.0912934347314601E-11
   899   28.768000      0.0000000000000000E+00  2.7250666509519335E-10  3.0596543549966911E-10  6.0932708099710564E-06  2.6797926608061523E-10  9.0653384956656913E-11
   930   29.760000      0.0000000000000000E+00  2.9771937088469651E-10  2.1301440692077501E-10  7.0975933776066607E-06  1.4962109399239249E-10  6.2751650070114439E-11
   961   30.752000      0.0000000000000000E+00  2.7462641390096050E-10  4.6067774176062205E-10  6.6475581610297121E-06  1.9047455602965159E-10  5.9088033151208042E-11
   992   31.744000      0.0000000000000000E+00  1.9655081871104557E-10  2.5958753894047860E-10  5.9932236003643907E-06  2.9954583496279902E-10  9.6972664219620978E-11
  1023   32.736000      0.0000000000000000E+00  1.3877895700098615E-10  2.0149700390514570E-10  6.9463524426866745E-06  1.8682671282605203E-10  8.6357206540946655E-11
  1054   33.728000      0.0000000000000000E+00  2.1109515040889342E-10  4.8836197979913851E-10  6.5934334377309601E-06  1.4870842247125048E-10  4.3046127173752328E-11
  1085   34.720000      0.0000000000000000E+00  1.1408657598269911E-10  2.5574577483653279E-10  6.1333021458734357E-06  2.5660796273230424E-10  6.6658738615961091E-11
  1116   35.712000      0.0000000000000000E+00  1.2935912630558885E-10  1.9165467610471296E-10  6.7356156631606526E-06  2.2269424278151478E-10  9.3707861065783650E-11
  1147   36.704000      0.0000000000000000E+00  2.9599383122144853E-10  4.3440531823946496E-10  7.0082436703086964E-06  1.4497160483786209E-10  3.7293182878544777E-11
  1178   37.696000      0.0000000000000000E+00  1.8665601422905806E-10  4.4128253604114812E-10  6.5649390797956634E-06  2.0477959187217905E-10  5.5052168064595443E-11
  1209   38.688000      0.0000000000000000E+00  2.5531193965154989E-10  1.9567608131495245E-10  6.5527727811342010E-06  2.5531754877497932E-10  1.0130047296833803E-10
  1240   39.680000      0.0000000000000000E+00  3.2197475772117328E-10  2.8567743463134679E-10  7.5817709284372998E-06  1.9042077460805560E-10  6.1276880494773976E-11
  1271   40.672000      0.0000000000000000E+00  2.7063918004853371E-10  7.2530718348187720E-10  6.9319951184106680E-06  1.5608360936081642E-10  4.5269488941757791E-11
  1302   41.664000      0.0000000000000000E+00  3.5112057705396406E-10  2.7832211016464815E-10  6.5895492753323862E-06  2.5763412508261093E-10  8.7392662195818486E-11
  1333   42.656000      0.0000000000000000E+00  3.0636294678871718E-10  3.7134180587956964E-10  8.4709856301825971E-06  2.5681591911077264E-10  1.0124302701946887E-10
  1364   43.648000      0.0000000000000000E+00  3.3411909690585684E-10  1.0340457376104849E-09  7.3820140796175977E-06  1.3253333982033293E-10  3.3582911542205623E-11
  1395   44.640000      0.0000000000000000E+00  3.2938486625154749E-10  2.6690044890416815E-10  6.9882647187757973E-06  2.2894457666840370E-10  6.7845536737158972E-11
  1426   45.632000      0.0000000000000000E+00  2.4688575725088865E-10  6.5433196462059192E-10  9.3428340290458637E-06  2.8842013823555311E-10  1.1023305905355253E-10
  1457   46.624000      0.0000000000000000E+00  3.1524287541301953E-10  1.1193470520846475E-09  7.5689769794981108E-06  1.3667801200540578E-10  4.7654023294941736E-11
  1488   47.616000      0.0000000000000000E+00  2.9881333549148554E-10  2.6141737472429026E-10  7.3105824415659231E-06  1.8128776377500538E-10  4.1921433962514407E-11
  1519   48.608000      0.0000000000000000E+00  2.4649773922446383E-10  9.3968709087220628E-10  9.8318151107953999E-06  2.8340375432964285E-10  1.0661299419656217E-10
  1550   49.600000      0.0000000000000000E+00  2.8510223843089776E-10  1.1553276946365732E-09  7.8808750515519458E-06  1.7437229909822486E-10  6.4889010921572162E-11
  1581   50.592000      0.0000000000000000E+00  2.1741578671403512E-10  3.5676080240242518E-10  8.1552209349737925E-06  1.5248196303294482E-10  2.6595693033967153E-11
  1612   51.584000      0.0000000000000000E+00  2.5135919421733058E-10  1.2573994758940673E-09  1.0311818723504772E-05  2.6198195671658085E-10  8.9034254179575200E-11
  1643   52.576000      0.0000000000000000E+00  2.9195804582007148E-10  1.2727236007783464E-09  8.3509828903497456E-06  2.1765845677261643E-10  8.9454000996831059E-11
  1674   53.568000      0.0000000000000000E+00  1.9387902996430607E-10  4.2013682548145156E-10  9.0161846045532910E-06  1.4744818644120777E-10  4.2544383786275930E-11
  1705   54.560000      0.0000000000000000E+00  2.8902484653005456E-10  1.4940018014021596E-09  1.0672992468220239E-05  2.3109663390935803E-10  6.3601464810054197E-11
  1736   55.552000      0.0000000000000000E+00  2.9678395043407895E-10  1.2432503516357767E-09  9.0776309920334645E-06  2.7124102329018831E-10  1.1289048783857538E-10
  1767   56.544000      0.0000000000000000E+00  2.3143185380226645E-10  5.0237876294637829E-10  9.7438259668344157E-06  1.5613339290882784E-10  5.7908481207870358E-11
  1798   57.536000      0.0000000000000000E+00  3.6534566732079460E-10  1.4825564954405209E-09  1.0900942644610971E-05  2.0378690129340007E-10  4.5887344381650091E-11
  1829   58.528000      0.0000000000000000E+00  2.9677598060730630E-10  8.0794666874367244E-10  9.8166807457320494E-06  2.6902932451760315E-10  1.0701435823552330E-10
  1860   59.520000      0.0000000000000000E+00  2.6705189734651483E-10  3.7596957481186394E-10  1.0184138439173927E-05  1.5940768793174235E-10  6.2794818652480933E-11
  1891   60.512000      0.0000000000000000E+00  3.5398991031178469E-10  1.0521956944267447E-09  1.1032641451472094E-05  1.9468883103394124E-10  3.8032746852264010E-11
  1922   61.504000      0.0000000000000000E+00  4.5893064518374247E-10  3.0986276431067800E-10  1.0372538674693864E-05  2.4515531892049735E-10  8.8455238923086222E-11
  1953   62.496000      0.0000000000000000E+00  4.3287077791801156E-10  4.2402973719720408E-10  1.0288343840091660E-05  1.7994823540975103E-10  8.0117125219927464E-11
  1984   63.488000      0.0000000000000000E+00  3.9925117739524834E-10  7.5468347080329306E-10  1.1033049501146230E-05  1.9589185518952468E-10  5.5202467879210089E-11
  2015   64.480000      0.0000000000000000E+00  6.5429773362797180E-10  1.7197507325927178E-10  1.0519149827831659E-05  2.2670568415480243E-10  5.8619470533163805E-11
  2046   65.472000      0.0000000000000000E+00  4.8645650312614551E-10  5.0602299545438001E-10  1.0013063451962066E-05  2.0479309325292127E-10  9.1163905774880319E-11
  2077   66.464000      0.0000000000000000E+00  4.0296894240887396E-10  5.1041896284672946E-10  1.1025994543252183E-05  2.0712819131373165E-10  8.3307090079382515E-11
  2108   67.456000      0.0000000000000000E+00  6.9800496561202800E-10  8.5742343115750609E-11  1.0556432919220712E-05  2.3612522577131166E-10  4.9974158174144472E-11
  2139   68.448000      0.0000000000000000E+00  3.4583924407972550E-10  4.7004414105093845E-10  9.7722187629307802E-06  2.1147067113504807E-10  8.9674187777376771E-11
  2170   69.440000      0.0000000000000000E+00  3.6428132334170467E-10  4.4748486625298729E-10  1.0581206913684968E-05  2.0252306424864344E-10  8.5961461923927143E-11
  2201   70.432000      0.0000000000000000E+00  6.0327894542856069E-10  1.1519893935273865E-10  9.8206972404073856E-06  2.3789770877026497E-10  4.6944792236426878E-11
  2232   71.424000      0.0000000000000000E+00  1.9640669852258866E-10  4.9178557628710363E-10  9.3435310253485022E-06  1.9315813913054234E-10  6.4991675822703657E-11
  2263   72.416000      0.0000000000000000E+00  2.9282035381167679E-10  3.4929960448546251E-10  1.0078568616340783E-05  1.9025066792973138E-10  9.0878433674569597E-11
  2294   73.408000      0.0000000000000000E+00  4.5865535836923628E-10  1.2190907604870768E-10  9.0177314302014913E-06  2.2815710910758499E-10  6.3673436779367858E-11
  2325   74.400000      0.0000000000000000E+00  1.3782896947538796E-10  4.7291038394312284E-10  8.8941456110251735E-06  2.0930853667754876E-10  4.2376029609433189E-11
  2356   75.392000      0.0000000000000000E+00  2.5571321643642466E-10  2.5032321918657503E-10  9.2869780115056695E-06  1.6022707252414503E-10  7.7528171480343162E-11
  2387   76.384000      0.0000000000000000E+00  3.4757307225449585E-10  2.9927695244211534E-10  8.2276389698229577E-06  2.2902847163178493E-10  8.4582595724710731E-11
  2418   77.376000      0.0000000000000000E+00  1.4347173027146188E-10  4.5675247485565167E-10  8.6463352089218162E-06  2.3883139533974800E-10  5.2328280042862888E-11
  2449   78.368000      0.0000000000000000E+00  2.1129988017937300E-10  1.9957523727162756E-10  8.4238188242958688E-06  1.4470798647699734E-10  6.3169691259852711E-11
  2480   79.360000      0.0000000000000000E+00  1.9452172663596909E-10  2.4387289450053871E-10  7.2729118064745071E-06  2.2999905819733892E-10  1.1141478796777433E-10
  2511   80.352000      0.0000000000000000E+00  1.1869198762939162E-10  3.9530922861856214E-10  7.9402029408162771E-06  2.7466269303601320E-10  5.4512167349278039E-11
  2542   81.344000      0.0000000000000000E+00  1.5937347311147199E-10  2.2949116414426940E-10  7.3737121523199602E-06  1.5039388116892000E-10  5.6998739085078285E-11
  2573   82.336000      0.0000000000000000E+00  1.6523501921599794E-10  4.1793272688878386E-10  6.7038970711639224E-06  1.9122023124312322E-10  1.1663241657095329E-10
  2604   83.328000      0.0000000000000000E+00  2.3699528219873863E-10  5.0165839752811178E-10  7.5651979773489316E-06  2.9876092578477157E-10  6.8749231276504840E-11
  2635   84.320000      0.0000000000000000E+00  2.4000913694232441E-10  2.6297297558818501E-10  6.6152432272810184E-06  1.8026637542044238E-10  4.6957401401268305E-11
  2666   85.312000      0.0000000000000000E+00  2.6383436289715578E-10  7.0534149042888993E-10  6.1755754507570360E-06  1.3131595562695073E-10  7.8710640052700155E-11
  2697   86.304000      0.0000000000000000E+00  2.6456450557134820E-10  4.4314725890058159E-10  7.0408155543001917E-06  2.8703334780728055E-10  8.7960231446219153E-11
  2728   87.296000      0.0000000000000000E+00  1.4217791555885094E-10  2.3823592440644486E-10  6.1125453628745983E-06  2.3537773436503218E-10  4.1186092162966421E-11
  2759   88.288000      0.0000000000000000E+00  2.5406934008101644E-10  7.0368796664496870E-10  5.8471187931628584E-06  8.8505258042996902E-11  5.8171972544640827E-11
  2790   89.280000      0.0000000000000000E+00  2.0391210487513752E-10  4.0755577636767711E-10  6.4726074762416306E-06  2.4085984096301638E-10  9.4891326220968593E-11
  2821   90.272000      0.0000000000000000E+00  1.6205488572441924E-10  1.8601688365187334E-10  5.6089624194028516E-06  3.0596394351940868E-10  6.5175517487837655E-11
  2852   91.264000      0.0000000000000000E+00  3.8018189758834341E-10  6.4450514092635093E-10  5.5722491746335447E-06  1.1189223853611620E-10  5.0143142326232536E-11
  2883   92.256000      0.0000000000000000E+00  3.1190286870838998E-10  5.7611426922391132E-10  6.2008046604718104E-06  1.9654614953151599E-10  9.0369297766819739E-11
  2914   93.248000      0.0000000000000000E+00  3.0081943324474943E-10  2.3617188625409746E-10  5.4449775981581968E-06  3.3330121416190873E-10  1.0517052107832570E-10
  2945   94.240000      0.0000000000000000E+00  4.8484298211407180E-10  6.7978696748744771E-10  5.5192180483255078E-06  1.6366762875306822E-10  3.5784090813953316E-11
  2976   95.232000      0.0000000000000000E+00  2.3441710005630940E-10  4.8809354876421306E-10  6.2355344402999804E-06  1.3151261339315101E-10  7.0231992600607919E-11
  3007   96.224000      0.0000000000000000E+00  2.9188707148326593E-10  2.3661763770801925E-10  5.4298762288132957E-06  3.0319262269710702E-10  1.1285522420070476E-10
  3038   97.216000      0.0000000000000000E+00  5.5980298487170287E-10  4.1777385447121865E-10  5.4049999240470697E-06  2.3668955969472640E-10  4.8754100578219302E-11
  3069   98.208000      0.0000000000000000E+00  2.3294329266043117E-10  3.0834170932624646E-10  6.3086886025942895E-06  8.8576926165995596E-11  4.3797892220827734E-11
  3100   99.200000      0.0000000000000000E+00  3.7120433656807196E-10  2.5432711726548899E-10  5.6020190036193534E-06  2.4181180822720297E-10  9.5075499881618470E-11
  3131   100.19200      0.0000000000000000E+00  4.8626872414266330E-10  2.1523950805013694E-10  5.5227144676921679E-06  3.1002680445840225E-10  7.1346728066724191E-11
  3162   101.18400      0.0000000000000000E+00  2.0780761643936835E-10  2.7722840956278018E-10  6.5144053236219583E-06  9.4069907056891540E-11  3.1800371998305925E-11
  3193   102.17600      0.0000000000000000E+00  4.5205543479897518E-10  3.4004527176656125E-10  5.6661000492165070E-06  1.8654286665771170E-10  8.3040941222013207E-11
  3224   103.16800      0.0000000000000000E+00  4.0936740537475865E-10  1.7828765105969070E-10  5.6226635002381473E-06  3.3957308657879180E-10  1.0517540080490357E-10
  3255   104.16000      0.0000000000000000E+00  2.3463432796277109E-10  2.8304714487897517E-10  6.8921300673351840E-06  1.6323481516591641E-10  3.6876951479156284E-11
  3286   105.15200      0.0000000000000000E+00  6.1795185101467143E-10  2.8351777421286432E-10  5.8746191506147442E-06  1.2752668493479841E-10  5.9534237543462713E-11
  3317   106.14400      0.0000000000000000E+00  3.4400723771104627E-10  2.5019798580278074E-10  5.8618459449880870E-06  3.1618402990516803E-10  1.1588854852279710E-10
  3348   107.13600      0.0000000000000000E+00  2.5336280381021182E-10  2.5651532112983850E-10  7.2406550589143130E-06  2.3586944820214012E-10  6.3200500354016542E-11
  3379   108.12800      0.0000000000000000E+00  5.2951008414021454E-10  3.6919674793188750E-10  6.0157587949451171E-06  9.8421487858808245E-11  4.3128507854654539E-11
  3410   109.12000      0.0000000000000000E+00  2.1629564929680422E-10  3.0963502582306890E-10  6.2888478398618461E-06  2.6003926490886672E-10  1.0101988507383334E-10
  3441   110.11200      0.0000000000000000E+00  1.9636390124882470E-10  2.0266145247941735E-10  7.7407278474063625E-06  2.8337969382355452E-10  8.1138273122162914E-11
  3472   111.10400      0.0000000000000000E+00  3.9532741791805625E-10  3.8620473575364443E-10  6.2341156893313803E-06  1.1837237516943252E-10  2.6388360924462845E-11
  3503   112.09600      0.0000000000000000E+00  2.7284408102334095E-10  3.1421403802177332E-10  6.7439107427986141E-06  1.6935130197577708E-10  7.4758580767557308E-11
  3534   113.08800      0.0000000000000000E+00  2.7729728518502533E-10  1.8330231945691322E-10  8.1892607143512130E-06  3.0450233805982488E-10  9.8235945174004208E-11
  3565   114.08000      0.0000000000000000E+00  3.8236764455995775E-10  2.6976023444527021E-10  6.5007716077109686E-06  1.8873673624767981E-10  4.2248377166171192E-11
  3596   115.07200      0.0000000000000000E+00  2.2858389428401142E-10  4.7621112326440798E-10  7.1273158231056147E-06  1.1465024731485906E-10  4.3312934094732915E-11
  3627   116.06400      0.0000000000000000E+00  3.0291748576972986E-10  1.9154490434241072E-10  8.5404114912616712E-06  2.9269776828635932E-10  1.1240779300131527E-10
  3658   117.05600      0.0000000000000000E+00  3.4625984083409162E-10  1.5366270295257469E-10  7.1087986259582094E-06  2.7060439932124788E-10  7.1835944460706558E-11
  3689   118.04800      0.0000000000000000E+00  1.1570700471003141E-10  7.3689537624805299E-10  7.8065006446400917E-06  1.1699869448278615E-10  3.6512792305231599E-11
  3720   119.04000      0.0000000000000000E+00  2.9261410764327718E-10  1.4273968525436875E-10  8.8645197450100818E-06  2.0710610707554770E-10  1.0091698504433756E-10
  3751   120.03200      0.0000000000000000E+00  3.2587309432421321E-10  2.0920585857678936E-10  7.6354778433366619E-06  3.4618027296039266E-10  9.2727891188925315E-11
  3782   121.02400      0.0000000000000000E+00  1.7016662555982000E-10  7.6260345351657732E-10  8.2634319424492938E-06  1.5222020457527080E-10  4.5717736262664046E-11
  3813   122.01600      0.0000000000000000E+00  5.0402843092721043E-10  8.9797124381131891E-11  9.1335618994089281E-06  1.1418566190329152E-10  6.3882327458107909E-11
  3844   123.00800      0.0000000000000000E+00  3.4772040788609185E-10  3.1822448523664602E-10  8.2535636691170264E-06  3.3378143439318060E-10  1.0882164052404238E-10
  3875   124.00000      0.0000000000000000E+00  1.9707403701853541E-10  6.6079238563148749E-10  8.6327983318999443E-06  2.1799053174338010E-10  4.8617160816982714E-11
  3906   124.99200      0.0000000000000000E+00  4.1760586964886759E-10  3.1329829595919383E-10  9.2727237931627053E-06  8.0718093773281897E-11  3.4440456791862480E-11
  3937   125.98400      0.0000000000000000E+00  1.7833660247154909E-10  4.9525781712352100E-10  8.6141018147784464E-06  2.4850263659343624E-10  1.0378390687062623E-10
  3968   126.97600      0.0000000000000000E+00  1.0886167914339006E-10  4.7610041769597272E-10  8.6545869445819118E-06  3.1957214157436612E-10  7.3573365158398878E-11
  3999   127.96800      0.0000000000000000E+00  3.6195413539593583E-10  4.3333928806985347E-10  9.3020549001214431E-06  1.0896778502470664E-10  4.0736592105988917E-11
  4030   128.96000      0.0000000000000000E+00  1.9184479783503214E-10  4.8791351573815609E-10  8.8451130759462700E-06  1.4553515442774616E-10  8.1343508435246253E-11
  4061   129.95200      0.0000000000000000E+00  1.9838671669294072E-10  3.1170477520892503E-10  8.4822190374104605E-06  3.8697003128605429E-10  1.0362744828854357E-10
  4092   130.94400      0.0000000000000000E+00  3.7852725701759465E-10  5.4367798679834622E-10  8.9973250542206689E-06  1.6641311780801055E-10  5.3471811650525409E-11
  4123   131.93600      0.0000000000000000E+00  2.6619869882052096E-10  3.8944822378180055E-10  8.6753315633479637E-06  7.6416531726094890E-11  6.0620429548772946E-11
  4154   132.92800      0.0000000000000000E+00  3.0446491412232030E-10  3.8073581143653114E-10  8.2772314360946443E-06  3.6531050348082990E-10  1.0584304133381312E-10
  4185   133.92000      0.0000000000000000E+00  3.7882009438050547E-10  5.8858165033146074E-10  8.7635639577510877E-06  2.4698501079113673E-10  6.9833309439825991E-11
  4216   134.91200      0.0000000000000000E+00  3.8295934692454816E-10  3.7139203795156568E-10  8.6021390145863158E-06  5.7215571026064008E-11  3.4079102939682273E-11
  4247   135.90400      0.0000000000000000E+00  3.5361791777504432E-10  5.9013149588701095E-10  8.3363338273580105E-06  2.4607898595348785E-10  7.4912229126353678E-11
  4278   136.89600      0.0000000000000000E+00  3.7170350556725267E-10  3.9197389857344772E-10  8.4581079598772637E-06  3.3539639318533962E-10  9.9309021061411001E-11
  4309   137.88800      0.0000000000000000E+00  4.2876907535546388E-10  2.4421266864884770E-10  8.3637763559192130E-06  8.9765390549269826E-11  2.8523068028448941E-11
  4340   138.88000      0.0000000000000000E+00  3.1555431770690104E-10  5.5561229874447416E-10  8.3144921795900121E-06  1.4461536618952782E-10  5.4417204458627699E-11
  4371   139.87200      0.0000000000000000E+00  3.1106257902172614E-10  1.5062251270844366E-10  7.8249396447393823E-06  3.7755244191166678E-10  1.1672799313371837E-10
  4402   140.86400      0.0000000000000000E+00  3.8398746667254277E-10  2.4267140115095454E-10  7.9194959984258893E-06  1.7414973608618528E-10  5.3444481939236179E-11
  4433   141.85600      0.0000000000000000E+00  2.6493815285204466E-10  5.3260861384979835E-10  8.3561873021589724E-06  6.9134745831101646E-11  4.9350090509277109E-11
  4464   142.84800      0.0000000000000000E+00  3.1273941932795613E-10  1.3909386404053161E-10  7.3728339628540016E-06  3.5322818758256262E-10  1.1012193757652760E-10
  4495   143.84000      0.0000000000000000E+00  2.8305712178228139E-10  1.9272481892680352E-10  7.5094761296264156E-06  2.8614146241697279E-10  8.7528831579966543E-11
  4526   144.83200      0.0000000000000000E+00  2.3680599052205995E-10  5.0663722367953970E-10  8.0454884375836885E-06  5.1755776711895121E-11  3.7621248617149947E-11
  4557   145.82400      0.0000000000000000E+00  3.0449475613350760E-10  1.8686380951518490E-10  6.6443897234378080E-06  2.5590092155582791E-10  7.7738258043641775E-11
  4588   146.81600      0.0000000000000000E+00  2.0692794812782030E-10  1.7072653079218998E-10  7.1177146762335523E-06  3.4652469874167988E-10  1.1027659409032861E-10
  4619   147.80800      0.0000000000000000E+00  2.2981495715969196E-10  3.7588059422943940E-10  7.9027523059104436E-06  8.1638497579604854E-11  3.5665453356751447E-11
  4650   148.80000      0.0000000000000000E+00  2.8157015899213939E-10  2.5959840497524258E-10  6.1526386007127804E-06  1.4119513452995615E-10  4.2233869963314996E-11
  4681   149.79200      0.0000000000000000E+00  1.7021576584842456E-10  9.6421654260408696E-11  6.6882312152582307E-06  3.5406142792095440E-10  1.0034261537319830E-10
  4712   150.78400      0.0000000000000000E+00  1.6486585804606736E-10  1.8056093957614427E-10  7.6835963285798921E-06  1.8642659850448384E-10  5.9356612763458158E-11
  4743   151.77600      0.0000000000000000E+00  2.2422615532099940E-10  4.7074880916865621E-10  5.8847543750834685E-06  6.4729042146348796E-11  3.3813932275686256E-11
  4774   152.76800      0.0000000000000000E+00  1.7001047273353953E-10  1.5545933022328116E-10  6.3910746762481168E-06  3.1905226188683489E-10  9.5233539212496041E-11
  4805   153.76000      0.0000000000000000E+00  1.7500884346368269E-10  2.1398731964682697E-10  7.5353407151602037E-06  2.8808839062341956E-10  9.6768259695938575E-11
  4836   154.75200      0.0000000000000000E+00  2.5799871221538937E-10  6.5400585130099558E-10  5.6124985929552448E-06  5.5536524387649676E-11  3.3363044911022180E-11
  4867   155.74400      0.0000000000000000E+00  2.4211735466063296E-10  2.2652770677262503E-10  5.9159129552693964E-06  2.5735815188277005E-10  7.4777963386840920E-11
  4898   156.73600      0.0000000000000000E+00  2.0485352410282443E-10  2.8246573072380822E-10  7.2914863779872038E-06  3.4573756001998383E-10  1.1289780356510564E-10
  4929   157.72800      0.0000000000000000E+00  2.0206854624706236E-10  5.8213521506286893E-10  5.4669420678500394E-06  1.1557905713968207E-10  5.9492559829119165E-11
  4960   158.72000      0.0000000000000000E+00  2.2431692326989732E-10  2.5434239022339684E-10  5.5929104466612738E-06  1.5775962920588457E-10  3.9752963860628168E-11
  4991   159.71200      0.0000000000000000E+00  1.9307591337211447E-10  3.7200646689920091E-10  7.1728708617871211E-06  3.4006172949424090E-10  1.0311380999157609E-10
  5022   160.70400      0.0000000000000000E+00  1.6849644341533205E-10  5.2288851454404217E-10  5.5302115248267854E-06  1.7753524708625864E-10  7.3558254902064927E-11
  5053   161.69600      0.0000000000000000E+00  2.1056059763413896E-10  3.9382783224116178E-10  5.4962583427541059E-06  9.6759529285253535E-11  2.8084406598189605E-11
  5084   162.68800      0.0000000000000000E+00  2.2177514916753385E-10  4.3909726188590620E-10  7.1869406451883426E-06  3.0940186253852217E-10  8.9566880251080751E-11
  5115   163.68000      0.0000000000000000E+00  1.6866167575914212E-10  3.3640489088682361E-10  5.6510952138993697E-06  2.3537603626865211E-10  8.5489652637124842E-11
  5146   164.67200      0.0000000000000000E+00  8.8966963657561298E-11  2.9773593962376600E-10  5.4018128065124716E-06  1.1264212265418823E-10  5.2178780153125427E-11
  5177   165.66400      0.0000000000000000E+00  3.0923450772462456E-10  4.6858463330625124E-10  7.2865490240566627E-06  2.3713469790110637E-10  5.8879665252718865E-11
  5208   166.65600      0.0000000000000000E+00  2.0680455357364501E-10  1.7950054354466898E-10  5.9280375306524189E-06  2.7874988479838450E-10  1.0157585521041270E-10
  5239   167.64800      0.0000000000000000E+00  1.7035160860946689E-10  3.1811023379435087E-10  5.4118799859477921E-06  1.7796294318692503E-10  8.2898024906398500E-11
  5270   168.64000      0.0000000000000000E+00  6.1937241468282474E-10  7.8548195254578437E-10  7.2845165645813982E-06  1.8548520274720559E-10  4.1990732825887792E-11
  5301   169.63200      0.0000000000000000E+00  3.1588322246937212E-10  2.7157940433574537E-10  6.2116313382339589E-06  2.7578392706164833E-10  8.7031620683565890E-11
  5332   170.62400      0.0000000000000000E+00  2.9039831372004558E-10  5.2966541047932037E-10  5.6763854886034706E-06  2.2383256415894787E-10  8.8824770798150784E-11
  5363   171.61600      0.0000000000000000E+00  7.3147438921747046E-10  1.1113840557231946E-09  7.2767947014833395E-06  1.4645903669629659E-10  4.0605752052847806E-11
  5394   172.60800      0.0000000000000000E+00  3.3432273780855634E-10  3.0251319246450685E-10  6.3256420878711250E-06  2.3540646450325973E-10  6.1017889282518578E-11
  5425   173.60000      0.0000000000000000E+00  4.3487400841515177E-10  8.1104778389875766E-10  5.8934873932914766E-06  2.5486651019723463E-10  9.5513914183891142E-11
  5456   174.59200      0.0000000000000000E+00  7.0032273613949827E-10  1.3478242833157837E-09  7.2432641956874371E-06  1.5133489919115821E-10  5.2966730337453428E-11
  5487   175.58400      0.0000000000000000E+00  3.6499436529399866E-10  3.4157742184912484E-10  6.5739518712958047E-06  2.0324910755323481E-10  4.5717804388504119E-11
  5518   176.57600      0.0000000000000000E+00  5.1257629109613117E-10  1.1068473405591382E-09  6.2197059851998133E-06  2.5759571732845930E-10  9.0566816027198036E-11
  5549   177.56800      0.0000000000000000E+00  4.7621382711696812E-10  1.4972311365518407E-09  7.0375509652840687E-06  1.9372864277327965E-10  8.8488296216580721E-11
  5580   178.56000      0.0000000000000000E+00  2.3302269826000466E-10  4.1034691907213177E-10  6.9300146481797560E-06  1.9613804934233367E-10  4.4482310666691541E-11
  5611   179.55200      0.0000000000000000E+00  3.0724959067934843E-10  1.3679472012179856E-09  6.9098375418016616E-06  2.3681871230976947E-10  7.2940513762358256E-11
  5642   180.54400      0.0000000000000000E+00  1.7075196175154280E-10  1.2506038009994271E-09  7.1502358483070623E-06  2.5287549003480924E-10  1.1710968076123130E-10
  5673   181.53600      0.0000000000000000E+00  1.4230570636443664E-10  3.6438667543151717E-10  7.3367347175078530E-06  1.8401319728842415E-10  4.7710089494171614E-11
  5704   182.52800      0.0000000000000000E+00  1.6607520493439631E-10  1.3354541380659876E-09  7.4426385498851033E-06  1.9787007164253170E-10  4.9820336983753187E-11
  5735   183.52000      0.0000000000000000E+00  8.3943912627710150E-11  7.4317753957918728E-10  7.1442219036322327E-06  2.6981349712051413E-10  1.1617096770827752E-10
  5766   184.51200      0.0000000000000000E+00  1.7407353002314646E-10  3.4043894278366159E-10  7.7398563943386364E-06  1.7944720561449939E-10  4.6507568773018831E-11
  5797   185.50400      0.0000000000000000E+00  1.6317126854005278E-10  1.0859655851779692E-09  8.0922464591442475E-06  1.7506887471845088E-10  3.1902118700635203E-11
  5828   186.49600      0.0000000000000000E+00  2.5091069590087600E-10  3.5944254338552663E-10  7.3646627252028248E-06  2.4785092379157651E-10  9.4654494493094099E-11
  5859   187.48800      0.0000000000000000E+00  3.2510111169481499E-10  3.2186042913885961E-10  8.0064010795314635E-06  2.1307629161754780E-10  7.5379873087790566E-11
  5890   188.48000      0.0000000000000000E+00  2.4920350953815265E-10  8.6645477164281895E-10  8.3908402998896336E-06  1.7797550423314239E-10  4.2365742901381585E-11
  5921   189.47200      0.0000000000000000E+00  4.0366255865456236E-10  2.2827251983943844E-10  7.2767916233113517E-06  2.1186979133423572E-10  6.3785402650345116E-11
  5952   190.46400      0.0000000000000000E+00  2.9024244129477680E-10  2.9353423277010591E-10  8.0081023365541379E-06  2.4777807018339275E-10  1.0170827582005980E-10
  5983   191.45600      0.0000000000000000E+00  1.6227646574755838E-10  6.3795557209431890E-10  8.7104173420183553E-06  2.1090625518786235E-10  6.0997969976142380E-11
  6014   192.44800      0.0000000000000000E+00  4.0754160810957705E-10  1.3853085421364178E-10  7.3407734031332538E-06  1.9610926390166934E-10  5.9007843106961911E-11
  6045   193.44000      0.0000000000000000E+00  2.5160472641347356E-10  2.5839927414444211E-10  7.8115491727792412E-06  2.4770180914662395E-10  9.8723781297557405E-11
  6076   194.43200      0.0000000000000000E+00  2.3650606200959634E-10  4.6531356404234791E-10  8.7809905043143574E-06  2.3705333599733781E-10  7.7973054539095469E-11
  6107   195.42400      0.0000000000000000E+00  4.5420301592096411E-10  1.3934400738179126E-10  7.3282646729816667E-06  1.6806592745080323E-10  4.6517733287670626E-11
  6138   196.41600      0.0000000000000000E+00  2.3768282719019024E-10  2.9872892223850197E-10  7.5342785602701817E-06  2.3622251721207589E-10  7.6823511585718647E-11
  6169   197.40800      0.0000000000000000E+00  1.9793657220623490E-10  2.5133805693918386E-10  8.8121050921359650E-06  2.5403684122903655E-10  9.6457333338427015E-11
  6200   198.40000      0.0000000000000000E+00  3.2697538812869466E-10  1.6130015077258028E-10  7.2643662993086089E-06  1.5208372285826908E-10  4.2636438377159275E-11
  6231   199.39200      0.0000000000000000E+00  1.5075765121624833E-10  4.5466068480785950E-10  7.2041533470738374E-06  2.2300075572650661E-10  5.4041083658477075E-11
