! Kinetic energy for species "electrons"
  Iter        Time          Total Par.             Kin. Energy
     0   0.0000000            9600000  1.4200533061883742E-02
    31  0.99200000            9600000  1.4200594525491265E-02
    62   1.9840000            9600000  1.4202798062126938E-02
    93   2.9760000            9600000  1.4209975050057968E-02
   124   3.9680000            9600000  1.4221306134238124E-02
   155   4.9600000            9600000  1.4232539840610238E-02
   186   5.9520000            9600000  1.4236883605177379E-02
   217   6.9440000            9600000  1.4240173172017772E-02
   248   7.9360000            9600000  1.4240238047345090E-02
   279   8.9280000            9600000  1.4241016614391651E-02
   310   9.9200000            9600000  1.4242565893423568E-02
   341   10.912000            9600000  1.4241988377934056E-02
   372   11.904000            9600000  1.4243452922713333E-02
   403   12.896000            9600000  1.4244078128161052E-02
   434   13.888000            9600000  1.4243786181478094E-02
   465   14.880000            9600000  1.4245314598625209E-02
   496   15.872000            9600000  1.4245345551289963E-02
   527   16.864000            9600000  1.4245848114496900E-02
   558   17.856000            9600000  1.4246809966495222E-02
   589   18.848000            9600000  1.4246444021020304E-02
   620   19.840000            9600000  1.4247477637516416E-02
   651   20.832000            9600000  1.4247888721267695E-02
   682   21.824000            9600000  1.4247764064597525E-02
   713   22.816000            9600000  1.4248826928041896E-02
   744   23.808000            9600000  1.4248572925066838E-02
   775   24.800000            9600000  1.4248727284889016E-02
   806   25.792000            9600000  1.4249502698620541E-02
   837   26.784000            9600000  1.4249010481394207E-02
   868   27.776000            9600000  1.4249466505626919E-02
   899   28.768000            9600000  1.4249831652982528E-02
   930   29.760000            9600000  1.4249360925780611E-02
   961   30.752000            9600000  1.4249817956756956E-02
   992   31.744000            9600000  1.4249570247510690E-02
  1023   32.736000            9600000  1.4249260557594078E-02
  1054   33.728000            9600000  1.4249643002999874E-02
  1085   34.720000            9600000  1.4249165619041181E-02
  1116   35.712000            9600000  1.4249131975423365E-02
  1147   36.704000            9600000  1.4249110242425311E-02
  1178   37.696000            9600000  1.4248484177927009E-02
  1209   38.688000            9600000  1.4248733585915729E-02
  1240   39.680000            9600000  1.4248383876377500E-02
  1271   40.672000            9600000  1.4247872653497543E-02
  1302   41.664000            9600000  1.4248094640151528E-02
  1333   42.656000            9600000  1.4247380395158977E-02
  1364   43.648000            9600000  1.4247066094562574E-02
  1395   44.640000            9600000  1.4247005953485315E-02
  1426   45.632000            9600000  1.4246244010669255E-02
  1457   46.624000            9600000  1.4246330912244800E-02
  1488   47.616000            9600000  1.4245948123934146E-02
  1519   48.608000            9600000  1.4245353074537535E-02
  1550   49.600000            9600000  1.4245450732811317E-02
  1581   50.592000            9600000  1.4244669518377176E-02
  1612   51.584000            9600000  1.4244495479828347E-02
  1643   52.576000            9600000  1.4244543654878788E-02
  1674   53.568000            9600000  1.4243617739127221E-02
  1705   54.560000            9600000  1.4243623926603647E-02
  1736   55.552000            9600000  1.4243411914109567E-02
  1767   56.544000            9600000  1.4242800054602728E-02
  1798   57.536000            9600000  1.4243086800026162E-02
  1829   58.528000            9600000  1.4242736323720761E-02
  1860   59.520000            9600000  1.4242490674858072E-02
  1891   60.512000            9600000  1.4242669300189923E-02
  1922   61.504000            9600000  1.4242398739948708E-02
  1953   62.496000            9600000  1.4242604003665699E-02
  1984   63.488000            9600000  1.4242648225570382E-02
  2015   64.480000            9600000  1.4242690393721048E-02
  2046   65.472000            9600000  1.4243266476093187E-02
  2077   66.464000            9600000  1.4243259547457723E-02
  2108   67.456000            9600000  1.4243392260427134E-02
  2139   68.448000            9600000  1.4243893435415371E-02
  2170   69.440000            9600000  1.4244174824837445E-02
  2201   70.432000            9600000  1.4244687897009972E-02
  2232   71.424000            9600000  1.4245088018081390E-02
  2263   72.416000            9600000  1.4245406588792009E-02
  2294   73.408000            9600000  1.4246030844514439E-02
  2325   74.400000            9600000  1.4246463424923967E-02
  2356   75.392000            9600000  1.4246857432885413E-02
  2387   76.384000            9600000  1.4247258148474676E-02
  2418   77.376000            9600000  1.4247421348553205E-02
  2449   78.368000            9600000  1.4247821220465442E-02
  2480   79.360000            9600000  1.4248258202950951E-02
  2511   80.352000            9600000  1.4248415223678193E-02
  2542   81.344000            9600000  1.4248753965800668E-02
  2573   82.336000            9600000  1.4248955669428780E-02
  2604   83.328000            9600000  1.4248878170900122E-02
  2635   84.320000            9600000  1.4249120972618561E-02
  2666   85.312000            9600000  1.4249333343391495E-02
  2697   86.304000            9600000  1.4249316397748433E-02
  2728   87.296000            9600000  1.4249435588472553E-02
  2759   88.288000            9600000  1.4249451208882416E-02
  2790   89.280000            9600000  1.4249517489584956E-02
  2821   90.272000            9600000  1.4249703568139295E-02
  2852   91.264000            9600000  1.4249688138262266E-02
  2883   92.256000            9600000  1.4249759608451771E-02
  2914   93.248000            9600000  1.4249797445063368E-02
  2945   94.240000            9600000  1.4249744494122692E-02
  2976   95.232000            9600000  1.4249803877335548E-02
  3007   96.224000            9600000  1.4249789628556905E-02
  3038   97.216000            9600000  1.4249881407764675E-02
  3069   98.208000            9600000  1.4249958152095624E-02
  3100   99.200000            9600000  1.4249701513645251E-02
  3131   100.19200            9600000  1.4249678828143646E-02
  3162   101.18400            9600000  1.4249753399224832E-02
  3193   102.17600            9600000  1.4249478702173210E-02
  3224   103.16800            9600000  1.4249529647420461E-02
  3255   104.16000            9600000  1.4249552780747131E-02
  3286   105.15200            9600000  1.4249104614314313E-02
  3317   106.14400            9600000  1.4249122150522297E-02
  3348   107.13600            9600000  1.4249136204941396E-02
  3379   108.12800            9600000  1.4248717626998218E-02
  3410   109.12000            9600000  1.4248578770816860E-02
  3441   110.11200            9600000  1.4248387180047239E-02
  3472   111.10400            9600000  1.4248131809694746E-02
  3503   112.09600            9600000  1.4248056673355632E-02
  3534   113.08800            9600000  1.4247726012155734E-02
  3565   114.08000            9600000  1.4247527846681516E-02
  3596   115.07200            9600000  1.4247460766591839E-02
  3627   116.06400            9600000  1.4247042795878004E-02
  3658   117.05600            9600000  1.4246749781338766E-02
  3689   118.04800            9600000  1.4246584525158774E-02
  3720   119.04000            9600000  1.4246330651834713E-02
  3751   120.03200            9600000  1.4246321324628310E-02
  3782   121.02400            9600000  1.4246211964428839E-02
  3813   122.01600            9600000  1.4246038654063715E-02
  3844   123.00800            9600000  1.4246023642533540E-02
  3875   124.00000            9600000  1.4245718825003211E-02
  3906   124.99200            9600000  1.4245714547742839E-02
  3937   125.98400            9600000  1.4245904421933377E-02
  3968   126.97600            9600000  1.4245594820037122E-02
  3999   127.96800            9600000  1.4245640447656241E-02
  4030   128.96000            9600000  1.4245761958678643E-02
  4061   129.95200            9600000  1.4245541957573573E-02
  4092   130.94400            9600000  1.4245809120311979E-02
  4123   131.93600            9600000  1.4245930861466593E-02
  4154   132.92800            9600000  1.4245824241385336E-02
  4185   133.92000            9600000  1.4246070016062189E-02
  4216   134.91200            9600000  1.4245910175520174E-02
  4247   135.90400            9600000  1.4245828717772633E-02
  4278   136.89600            9600000  1.4246085740544199E-02
  4309   137.88800            9600000  1.4245924262205889E-02
  4340   138.88000            9600000  1.4246104418101603E-02
  4371   139.87200            9600000  1.4246421672777926E-02
  4402   140.86400            9600000  1.4246336348173839E-02
  4433   141.85600            9600000  1.4246543565699874E-02
  4464   142.84800            9600000  1.4246594636220550E-02
  4495   143.84000            9600000  1.4246572929372221E-02
  4526   144.83200            9600000  1.4246820221987644E-02
  4557   145.82400            9600000  1.4246754440804322E-02
  4588   146.81600            9600000  1.4246891971002467E-02
  4619   147.80800            9600000  1.4247176633019599E-02
  4650   148.80000            9600000  1.4247100647025869E-02
  4681   149.79200            9600000  1.4247274384010331E-02
  4712   150.78400            9600000  1.4247445305197120E-02
  4743   151.77600            9600000  1.4247385491545436E-02
  4774   152.76800            9600000  1.4247551344717994E-02
  4805   153.76000            9600000  1.4247687874009932E-02
  4836   154.75200            9600000  1.4247801392573683E-02
  4867   155.74400            9600000  1.4247976614157965E-02
  4898   156.73600            9600000  1.4247989394021856E-02
  4929   157.72800            9600000  1.4248115914148651E-02
  4960   158.72000            9600000  1.4248249542799650E-02
  4991   159.71200            9600000  1.4248291976344803E-02
  5022   160.70400            9600000  1.4248450278188147E-02
  5053   161.69600            9600000  1.4248412374674562E-02
  5084   162.68800            9600000  1.4248478570063436E-02
  5115   163.68000            9600000  1.4248745535150997E-02
  5146   164.67200            9600000  1.4248665451250041E-02
  5177   165.66400            9600000  1.4248570986256634E-02
  5208   166.65600            9600000  1.4248579977153919E-02
  5239   167.64800            9600000  1.4248459421395661E-02
  5270   168.64000            9600000  1.4248436389374524E-02
  5301   169.63200            9600000  1.4248396778791262E-02
  5332   170.62400            9600000  1.4248263868357740E-02
  5363   171.61600            9600000  1.4248204046532939E-02
  5394   172.60800            9600000  1.4248119177399458E-02
  5425   173.60000            9600000  1.4247941944309134E-02
  5456   174.59200            9600000  1.4247708071255482E-02
  5487   175.58400            9600000  1.4247576256163848E-02
  5518   176.57600            9600000  1.4247559327720614E-02
  5549   177.56800            9600000  1.4247378176613670E-02
  5580   178.56000            9600000  1.4247124910621580E-02
  5611   179.55200            9600000  1.4247009021290662E-02
  5642   180.54400            9600000  1.4246882784419481E-02
  5673   181.53600            9600000  1.4246713658636228E-02
  5704   182.52800            9600000  1.4246562624840460E-02
  5735   183.52000            9600000  1.4246435101489170E-02
  5766   184.51200            9600000  1.4246258881798816E-02
  5797   185.50400            9600000  1.4246221197587186E-02
  5828   186.49600            9600000  1.4246218600488723E-02
  5859   187.48800            9600000  1.4245985857576342E-02
  5890   188.48000            9600000  1.4245931131080103E-02
  5921   189.47200            9600000  1.4246009003361983E-02
  5952   190.46400            9600000  1.4245840789777055E-02
  5983   191.45600            9600000  1.4245783559364723E-02
  6014   192.44800            9600000  1.4245750006899840E-02
  6045   193.44000            9600000  1.4245633581901580E-02
  6076   194.43200            9600000  1.4245669899012776E-02
  6107   195.42400            9600000  1.4245557416311090E-02
  6138   196.41600            9600000  1.4245426664870588E-02
  6169   197.40800            9600000  1.4245530707803369E-02
  6200   198.40000            9600000  1.4245450515675984E-02
  6231   199.39200            9600000  1.4245477300765134E-02
