! EM field energy per field component
  Iter        Time                          B1                      B2                      B3                      E1                      E2                      E3
     0   0.0000000      0.0000000000000000E+00  0.0000000000000000E+00  0.0000000000000000E+00  0.0000000000000000E+00  0.0000000000000000E+00  0.0000000000000000E+00
    31  0.99200000      0.0000000000000000E+00  4.7073284110972620E-10  5.1734510421641334E-10  9.1362633814729438E-09  1.0456412929916522E-09  4.4089036432240082E-10
    62   1.9840000      0.0000000000000000E+00  3.9129862088701331E-10  4.4674481217908456E-10  1.5572790710786595E-07  1.2776183855317544E-09  5.4964295176010643E-10
    93   2.9760000      0.0000000000000000E+00  1.7011725143331681E-10  1.3098278866347950E-10  1.4690411186134995E-06  1.3040271932029809E-10  1.0214370164748236E-10
   124   3.9680000      0.0000000000000000E+00  7.5757277666439106E-10  8.0303814013288960E-10  3.6702548496557033E-06  7.9238610013199899E-10  3.5555708293858097E-10
   155   4.9600000      0.0000000000000000E+00  4.8953927633132199E-10  3.9715717413226947E-10  4.8327583769133136E-06  1.4617433683047577E-09  6.1709868111899316E-10
   186   5.9520000      0.0000000000000000E+00  2.9900048779010718E-10  2.3538699708738485E-10  4.5208954992105877E-06  3.2612060855241210E-10  1.6719909624968718E-10
   217   6.9440000      0.0000000000000000E+00  8.9841710083895283E-10  1.1072711588044410E-09  3.5338945865553773E-06  5.3226526128744401E-10  2.3855458418702422E-10
   248   7.9360000      0.0000000000000000E+00  3.9463252654168215E-10  3.7666532671786353E-10  4.0788465095418316E-06  1.4881136348356513E-09  6.4725246030709340E-10
   279   8.9280000      0.0000000000000000E+00  3.7925922901246968E-10  3.8863394455687958E-10  3.5526369966960409E-06  5.6101306209932266E-10  2.6973531785139927E-10
   310   9.9200000      0.0000000000000000E+00  9.0990213759195311E-10  1.3123008493101284E-09  2.9568439564880379E-06  3.0149321328877105E-10  1.4614323495682958E-10
   341   10.912000      0.0000000000000000E+00  4.4155167846054376E-10  3.8235326264136965E-10  3.7476842824192856E-06  1.3430863963829892E-09  5.5611529766171125E-10
   372   11.904000      0.0000000000000000E+00  4.2936249861753477E-10  6.1916816146334208E-10  3.0164878365655031E-06  7.6830652623793528E-10  3.4813530806590996E-10
   403   12.896000      0.0000000000000000E+00  7.2608339426107332E-10  1.2317701528518195E-09  2.7289768045520154E-06  1.6705352253930817E-10  9.6912081248756730E-11
   434   13.888000      0.0000000000000000E+00  3.0399830227700650E-10  2.6433840914597452E-10  3.4202426052782407E-06  1.2110837400907018E-09  5.0641825053626766E-10
   465   14.880000      0.0000000000000000E+00  3.8634829839905173E-10  6.6576663783274419E-10  2.6667980941169055E-06  9.7403872230457271E-10  4.5776925072435113E-10
   496   15.872000      0.0000000000000000E+00  4.4707081888903757E-10  8.8492245578441998E-10  2.6035262869249113E-06  2.1090446966118599E-10  1.1361071864430721E-10
   527   16.864000      0.0000000000000000E+00  3.3333171329811380E-10  1.6170005780097984E-10  2.8911753524660264E-06  1.0562673412420932E-09  4.2173353744094214E-10
   558   17.856000      0.0000000000000000E+00  3.2892684450038511E-10  6.8712428638894085E-10  2.3291093317921638E-06  1.1456254074029609E-09  5.0101175131105961E-10
   589   18.848000      0.0000000000000000E+00  2.7162496426286837E-10  5.2248051686475778E-10  2.5724401798549534E-06  3.1400328892672749E-10  1.6753449241121937E-10
   620   19.840000      0.0000000000000000E+00  2.9028365559418214E-10  1.6287549751686948E-10  2.5408787003590678E-06  8.8578341437413336E-10  3.6697235998541504E-10
   651   20.832000      0.0000000000000000E+00  2.9713822011969159E-10  7.8242990839555258E-10  2.1466725646707443E-06  1.2336856202542005E-09  5.3661397914314637E-10
   682   21.824000      0.0000000000000000E+00  2.2062231403724517E-10  4.4557668074030997E-10  2.3004018550444824E-06  3.6780242316622703E-10  2.0146269045124244E-10
   713   22.816000      0.0000000000000000E+00  3.5475816827303609E-10  3.1240826370546930E-10  2.1360933089492542E-06  6.7293077625233895E-10  2.7104562024917584E-10
   744   23.808000      0.0000000000000000E+00  3.8055415004361343E-10  8.2997127027328667E-10  2.1049732478249934E-06  1.2388609018061037E-09  4.9968608359386005E-10
   775   24.800000      0.0000000000000000E+00  3.8771455337280584E-10  4.2545092590119182E-10  2.1021167443575084E-06  4.3524209815090235E-10  2.5267447829852269E-10
   806   25.792000      0.0000000000000000E+00  4.4862889814954376E-10  3.2174383909666553E-10  1.8935217800319412E-06  5.2230789412121785E-10  2.4089728254178467E-10
   837   26.784000      0.0000000000000000E+00  4.1262740870556449E-10  4.8785453960514811E-10  2.0864427057391619E-06  1.2915312472154176E-09  5.3643456837546170E-10
   868   27.776000      0.0000000000000000E+00  3.5582608701095034E-10  2.8954916755548098E-10  1.9642098961148929E-06  5.5731833794595435E-10  2.9058589648388239E-10
   899   28.768000      0.0000000000000000E+00  4.1296856360113810E-10  1.9913056933486293E-10  1.7386877069463307E-06  4.3123584335082649E-10  2.0489475769987638E-10
   930   29.760000      0.0000000000000000E+00  2.9474654724793415E-10  2.9707874895474546E-10  1.8998424416780458E-06  1.3209350297470907E-09  5.2678977783700319E-10
   961   30.752000      0.0000000000000000E+00  5.6284880596142233E-10  3.6068579143775466E-10  1.7436154483696175E-06  7.4018682581587629E-10  3.5318228446806290E-10
   992   31.744000      0.0000000000000000E+00  5.1336784097805148E-10  1.7313173934335996E-10  1.6204452562872670E-06  3.4448012992000677E-10  2.2022591311325774E-10
  1023   32.736000      0.0000000000000000E+00  3.7706057821451502E-10  2.5491306983148922E-10  1.7629136229411705E-06  1.2691537645769594E-09  5.0760836381162273E-10
  1054   33.728000      0.0000000000000000E+00  9.2086482017797973E-10  4.8232734238625215E-10  1.7117431211709745E-06  8.9575209204583710E-10  3.8223698044442212E-10
  1085   34.720000      0.0000000000000000E+00  6.0301707038817904E-10  2.6917725326641624E-10  1.5922327370577359E-06  1.8398827291101791E-10  1.2437162017240236E-10
  1116   35.712000      0.0000000000000000E+00  4.5663350048837114E-10  3.2561477933988895E-10  1.5896136437539943E-06  1.1226536208627705E-09  4.5166664870589467E-10
  1147   36.704000      0.0000000000000000E+00  1.0016743812567791E-09  5.3154704625566426E-10  1.6615429378320645E-06  1.0583869848979538E-09  4.3721392840231674E-10
  1178   37.696000      0.0000000000000000E+00  4.8504839890876721E-10  2.7850454122734932E-10  1.5067671262079194E-06  1.3703043776700672E-10  1.3393961210497926E-10
  1209   38.688000      0.0000000000000000E+00  4.6691839849730801E-10  2.7214341980765842E-10  1.4315937627560805E-06  9.3231127797926308E-10  3.9750730001936179E-10
  1240   39.680000      0.0000000000000000E+00  8.8274301535009291E-10  4.6969784605327095E-10  1.7007284747367561E-06  1.2627617330314122E-09  4.9447332404915079E-10
  1271   40.672000      0.0000000000000000E+00  3.1978877283378232E-10  1.9180868018416935E-10  1.4661310972992835E-06  2.0559772800007726E-10  1.4118616764757406E-10
  1302   41.664000      0.0000000000000000E+00  3.6152058878074451E-10  2.6957825584942158E-10  1.3465814224197037E-06  7.2712523847087283E-10  3.4313884655162678E-10
  1333   42.656000      0.0000000000000000E+00  5.4545793913541223E-10  3.0272494479396210E-10  1.7717400334156348E-06  1.4596944850789132E-09  6.0184474856780090E-10
  1364   43.648000      0.0000000000000000E+00  1.6180084017524663E-10  1.8111350081573493E-10  1.4218333237092005E-06  3.8351048081921685E-10  2.0486768544854801E-10
  1395   44.640000      0.0000000000000000E+00  2.9116830490526154E-10  4.7358722986927256E-10  1.2807659572651050E-06  4.8242297317268543E-10  2.6295365497949575E-10
  1426   45.632000      0.0000000000000000E+00  3.7340090320159651E-10  2.0479545953620911E-10  1.7805801151976792E-06  1.4823913093421182E-09  5.8973496075339885E-10
  1457   46.624000      0.0000000000000000E+00  1.5802765310912351E-10  2.1238353152056619E-10  1.3280525243564420E-06  5.8670269529988426E-10  2.4698064282193898E-10
  1488   47.616000      0.0000000000000000E+00  2.4737148996645164E-10  5.5875948415803252E-10  1.2440577842455164E-06  2.1390424598948497E-10  1.6560341840270926E-10
  1519   48.608000      0.0000000000000000E+00  1.2393972250256097E-10  1.8821848868087105E-10  1.8097972620070823E-06  1.3834723491960260E-09  5.9405469138959026E-10
  1550   49.600000      0.0000000000000000E+00  2.4181866813464032E-10  2.5651993472230175E-10  1.3306929509283480E-06  8.2918849533626094E-10  3.4032550128065619E-10
  1581   50.592000      0.0000000000000000E+00  2.3224405780820685E-10  5.3051494138899584E-10  1.2863985949416119E-06  7.2842036826563423E-11  9.2074744258662218E-11
  1612   51.584000      0.0000000000000000E+00  1.5169192254264021E-10  2.1433477666199206E-10  1.8062647284553708E-06  1.1922032709395580E-09  5.1225688652116315E-10
  1643   52.576000      0.0000000000000000E+00  4.0579573258473292E-10  2.4540365174900617E-10  1.3702384092881501E-06  1.1015732595897734E-09  4.2465724444732030E-10
  1674   53.568000      0.0000000000000000E+00  1.3621649600505168E-10  3.6830734162697217E-10  1.4027238567544072E-06  1.0709165612775310E-10  1.0134831682478668E-10
  1705   54.560000      0.0000000000000000E+00  2.3489268730503692E-10  1.6468910801532730E-10  1.8592099977641648E-06  9.8621001428881597E-10  4.6421465127998877E-10
  1736   55.552000      0.0000000000000000E+00  2.8527285131092433E-10  2.0328204924927029E-10  1.4804780290858704E-06  1.3414904471783379E-09  5.4423971961273220E-10
  1767   56.544000      0.0000000000000000E+00  1.5395729308248949E-10  2.2155911473896532E-10  1.5037628421984785E-06  2.3152150122539423E-10  1.1712986360489967E-10
  1798   57.536000      0.0000000000000000E+00  3.4610987038967429E-10  2.5474319445160620E-10  1.8231779409425583E-06  7.2437862631413058E-10  3.3582936988611760E-10
  1829   58.528000      0.0000000000000000E+00  1.7525489387219724E-10  2.1723516991203449E-10  1.5096531471504745E-06  1.4041398779379125E-09  5.7282703417745067E-10
  1860   59.520000      0.0000000000000000E+00  1.5343730904611879E-10  1.9711955436411105E-10  1.5575394471481115E-06  3.8913688279550658E-10  1.7601615503474969E-10
  1891   60.512000      0.0000000000000000E+00  3.5102534189631404E-10  4.0431979574961038E-10  1.8204517437815284E-06  4.6094895723110670E-10  2.4638804367615052E-10
  1922   61.504000      0.0000000000000000E+00  1.9197082891241819E-10  3.1190728347810587E-10  1.5631753970000522E-06  1.3759269477722069E-09  5.8504515605334894E-10
  1953   62.496000      0.0000000000000000E+00  2.2180666945060009E-10  3.0896335055604055E-10  1.6228262350666811E-06  5.6131600273192150E-10  2.3324938446128978E-10
  1984   63.488000      0.0000000000000000E+00  3.9724240093830613E-10  4.2737016853199282E-10  1.9490639921803811E-06  2.9883520592986244E-10  1.6224858670815964E-10
  2015   64.480000      0.0000000000000000E+00  2.2242097117184012E-10  4.1856583359190910E-10  1.7891280519263829E-06  1.2997605472719315E-09  5.5872752194254620E-10
  2046   65.472000      0.0000000000000000E+00  2.2371682306989049E-10  2.2000211439404223E-10  1.7502512962249280E-06  7.9270439246390446E-10  3.4995257204455441E-10
  2077   66.464000      0.0000000000000000E+00  3.3711764027914503E-10  3.3365650176482115E-10  1.9924540025044401E-06  2.9118358865593360E-10  1.7183295166449390E-10
  2108   67.456000      0.0000000000000000E+00  1.5222298293054698E-10  4.9229692911750594E-10  1.8781693565942877E-06  1.2034463237131881E-09  5.2439405788495405E-10
  2139   68.448000      0.0000000000000000E+00  2.2389828708600706E-10  2.0042308473300994E-10  1.8313038893277543E-06  9.8601803032243623E-10  4.2826428834265116E-10
  2170   69.440000      0.0000000000000000E+00  1.8684067011832794E-10  3.1218927568079576E-10  2.0593110391275685E-06  2.7677709933774452E-10  1.2433096390036724E-10
  2201   70.432000      0.0000000000000000E+00  1.8215999813006056E-10  5.6173882081659144E-10  1.9535656755937476E-06  1.0449275734226359E-09  4.5617615487013224E-10
  2232   71.424000      0.0000000000000000E+00  2.9140086920305924E-10  2.6350609212127579E-10  1.9080710724124234E-06  1.1077574916989441E-09  4.8112595417360805E-10
  2263   72.416000      0.0000000000000000E+00  1.0884954599990350E-10  4.3259405777886123E-10  2.1732003201347707E-06  2.7872602446986067E-10  1.3904397912033042E-10
  2294   73.408000      0.0000000000000000E+00  2.4858653370978502E-10  6.9797187575877515E-10  2.1043650915782874E-06  8.5409898777852781E-10  3.6892555678211703E-10
  2325   74.400000      0.0000000000000000E+00  2.8947506248240679E-10  2.8639612322127586E-10  2.0616757336815592E-06  1.1706878298548127E-09  4.9161781870275458E-10
  2356   75.392000      0.0000000000000000E+00  1.9491033735309834E-10  6.5316668035602404E-10  2.2079925758614449E-06  2.9286566778837168E-10  1.3765859667125902E-10
  2387   76.384000      0.0000000000000000E+00  3.4594958628859648E-10  6.1487807829966374E-10  2.0951293539681435E-06  7.0688488612966266E-10  3.0254134262022983E-10
  2418   77.376000      0.0000000000000000E+00  2.5272953770448031E-10  2.6033212747326954E-10  2.2020106936064646E-06  1.2904639562385880E-09  5.7158158967375723E-10
  2449   78.368000      0.0000000000000000E+00  2.6641646054612428E-10  7.5872278114120734E-10  2.3432223586798044E-06  4.1251539534849434E-10  2.0889070871585661E-10
  2480   79.360000      0.0000000000000000E+00  3.2365676281170021E-10  4.2426397808693265E-10  2.2007253176633147E-06  5.8920982482797727E-10  2.5359109337577464E-10
  2511   80.352000      0.0000000000000000E+00  1.8592137286884351E-10  2.4233632138432497E-10  2.4277181013607784E-06  1.3722565547911708E-09  5.6423633493102215E-10
  2542   81.344000      0.0000000000000000E+00  3.7684086856977066E-10  7.8231194445679126E-10  2.4989315731473613E-06  5.6048843598336850E-10  2.7556061569064776E-10
  2573   82.336000      0.0000000000000000E+00  2.2878700372597897E-10  2.2682258104662092E-10  2.3448881573944720E-06  4.3546840735801707E-10  1.9529613079428792E-10
  2604   83.328000      0.0000000000000000E+00  2.5362194386596477E-10  1.2353247674392167E-10  2.5733957268593058E-06  1.3780638588630472E-09  5.8796817434551218E-10
  2635   84.320000      0.0000000000000000E+00  3.4096041747814028E-10  6.0457765781832873E-10  2.5259129990954276E-06  7.2202860312852023E-10  3.4514163233054336E-10
  2666   85.312000      0.0000000000000000E+00  2.9928654710214120E-10  2.2330263289830673E-10  2.4573889250852555E-06  2.3234849965168938E-10  1.0353265378079766E-10
  2697   86.304000      0.0000000000000000E+00  3.1657636869345454E-10  2.0664382487343361E-10  2.7358583679661709E-06  1.2455347379079014E-09  5.1480005700328127E-10
  2728   87.296000      0.0000000000000000E+00  3.9086372606734142E-10  5.5606764254492337E-10  2.6291887547562588E-06  9.2178414539154889E-10  4.0625619424098042E-10
  2759   88.288000      0.0000000000000000E+00  3.0850319731848105E-10  3.9280757745775110E-10  2.6340921803392849E-06  1.0782112598322421E-10  9.2635450930599838E-11
  2790   89.280000      0.0000000000000000E+00  1.9412988541543739E-10  1.8989324098990923E-10  2.8531883366429023E-06  1.0991791233288986E-09  4.6012124721411659E-10
  2821   90.272000      0.0000000000000000E+00  2.8762494632006765E-10  4.9978082762719145E-10  2.6508687133348777E-06  1.1987991472772752E-09  5.1702043080268086E-10
  2852   91.264000      0.0000000000000000E+00  2.2873907086078273E-10  3.3569718699732578E-10  2.6285363640904132E-06  1.2756567336661615E-10  9.5590488877535323E-11
  2883   92.256000      0.0000000000000000E+00  2.9862797138842849E-10  2.5714359054051106E-10  2.8289572597983159E-06  9.0674256744238214E-10  3.6852848550632536E-10
  2914   93.248000      0.0000000000000000E+00  2.7176374068058990E-10  3.4037811282102113E-10  2.6526575381277372E-06  1.4223836128199174E-09  5.9439332552349053E-10
  2945   94.240000      0.0000000000000000E+00  1.2540829552858838E-10  1.8718277116275347E-10  2.6113498801932370E-06  2.6098500136678532E-10  1.6883555235059730E-10
  2976   95.232000      0.0000000000000000E+00  4.4807385506133931E-10  3.3787641534381559E-10  2.8693046347730369E-06  6.2937575724267520E-10  2.8649347087010907E-10
  3007   96.224000      0.0000000000000000E+00  2.1443970672539874E-10  2.2520757867733548E-10  2.7482709554799685E-06  1.4941028440875757E-09  6.0343060392775303E-10
  3038   97.216000      0.0000000000000000E+00  1.5867258536328451E-10  1.3072865440569139E-10  2.5586901624394172E-06  4.2817712003632373E-10  2.2057445333313663E-10
  3069   98.208000      0.0000000000000000E+00  5.8341728414548835E-10  5.5360253408472326E-10  2.7691215416718780E-06  3.1476491795772581E-10  1.5153998022509649E-10
  3100   99.200000      0.0000000000000000E+00  1.6117869932606755E-10  2.5111263279194013E-10  2.6721820728813871E-06  1.4362333201769794E-09  5.7108751462469692E-10
