! Kinetic energy for species "electrons"
  Iter        Time          Total Par.             Kin. Energy
     0   0.0000000            9600000  1.4203048768607993E-02
    31  0.99200000            9600000  1.4203101138252775E-02
    62   1.9840000            9600000  1.4205229898558852E-02
    93   2.9760000            9600000  1.4212355171682432E-02
   124   3.9680000            9600000  1.4225416304391265E-02
   155   4.9600000            9600000  1.4235628939077889E-02
   186   5.9520000            9600000  1.4242096969899596E-02
   217   6.9440000            9600000  1.4243674998838191E-02
   248   7.9360000            9600000  1.4244975599534568E-02
   279   8.9280000            9600000  1.4247374675153105E-02
   310   9.9200000            9600000  1.4246285616578713E-02
   341   10.912000            9600000  1.4248035940632620E-02
   372   11.904000            9600000  1.4248835222935137E-02
   403   12.896000            9600000  1.4248624985856377E-02
   434   13.888000            9600000  1.4249395586713703E-02
   465   14.880000            9600000  1.4249900890711147E-02
   496   15.872000            9600000  1.4250237412683334E-02
   527   16.864000            9600000  1.4249900176358306E-02
   558   17.856000            9600000  1.4250994887875127E-02
   589   18.848000            9600000  1.4251008790083600E-02
   620   19.840000            9600000  1.4250564285602400E-02
   651   20.832000            9600000  1.4251709903825932E-02
   682   21.824000            9600000  1.4251503015272534E-02
   713   22.816000            9600000  1.4251426087856105E-02
   744   23.808000            9600000  1.4252109023761020E-02
   775   24.800000            9600000  1.4251973962329191E-02
   806   25.792000            9600000  1.4252085892828063E-02
   837   26.784000            9600000  1.4252294643769887E-02
   868   27.776000            9600000  1.4252406061918427E-02
   899   28.768000            9600000  1.4252528075637132E-02
   930   29.760000            9600000  1.4252341247398076E-02
   961   30.752000            9600000  1.4252729216205500E-02
   992   31.744000            9600000  1.4252902737225395E-02
  1023   32.736000            9600000  1.4252401188861910E-02
  1054   33.728000            9600000  1.4252913979910286E-02
  1085   34.720000            9600000  1.4253105937501570E-02
  1116   35.712000            9600000  1.4252308673970615E-02
  1147   36.704000            9600000  1.4252882402148564E-02
  1178   37.696000            9600000  1.4253180227954933E-02
  1209   38.688000            9600000  1.4252135872924494E-02
  1240   39.680000            9600000  1.4252654045456708E-02
  1271   40.672000            9600000  1.4253107930258595E-02
  1302   41.664000            9600000  1.4251999561008373E-02
  1333   42.656000            9600000  1.4252496732148887E-02
  1364   43.648000            9600000  1.4253197519586803E-02
  1395   44.640000            9600000  1.4252104905358796E-02
  1426   45.632000            9600000  1.4252431832277547E-02
  1457   46.624000            9600000  1.4253260453005906E-02
  1488   47.616000            9600000  1.4252264287763723E-02
  1519   48.608000            9600000  1.4252490507492130E-02
  1550   49.600000            9600000  1.4253382559519256E-02
  1581   50.592000            9600000  1.4252460214967715E-02
  1612   51.584000            9600000  1.4252632957620040E-02
  1643   52.576000            9600000  1.4253457392279931E-02
  1674   53.568000            9600000  1.4252542037036482E-02
  1705   54.560000            9600000  1.4252679778058802E-02
  1736   55.552000            9600000  1.4253311420981204E-02
  1767   56.544000            9600000  1.4252383464227058E-02
  1798   57.536000            9600000  1.4252535449865451E-02
  1829   58.528000            9600000  1.4253106424989033E-02
  1860   59.520000            9600000  1.4252237388036111E-02
  1891   60.512000            9600000  1.4252397982854274E-02
  1922   61.504000            9600000  1.4252972520609508E-02
  1953   62.496000            9600000  1.4252243899630189E-02
  1984   63.488000            9600000  1.4252462430243940E-02
  2015   64.480000            9600000  1.4252945570087921E-02
  2046   65.472000            9600000  1.4252287539104232E-02
  2077   66.464000            9600000  1.4252518355848252E-02
  2108   67.456000            9600000  1.4252959034746108E-02
  2139   68.448000            9600000  1.4252411723117357E-02
  2170   69.440000            9600000  1.4252643283034525E-02
  2201   70.432000            9600000  1.4252921956736941E-02
  2232   71.424000            9600000  1.4252489096750283E-02
  2263   72.416000            9600000  1.4252721157973157E-02
  2294   73.408000            9600000  1.4252836798720825E-02
  2325   74.400000            9600000  1.4252436594608182E-02
  2356   75.392000            9600000  1.4252652973781837E-02
  2387   76.384000            9600000  1.4252756215177961E-02
  2418   77.376000            9600000  1.4252531888813204E-02
  2449   78.368000            9600000  1.4252818993574567E-02
  2480   79.360000            9600000  1.4252749211201989E-02
  2511   80.352000            9600000  1.4252576450036478E-02
  2542   81.344000            9600000  1.4252858189205389E-02
  2573   82.336000            9600000  1.4252663494574359E-02
  2604   83.328000            9600000  1.4252556549767497E-02
  2635   84.320000            9600000  1.4252738335809470E-02
  2666   85.312000            9600000  1.4252328022180540E-02
  2697   86.304000            9600000  1.4252333314044898E-02
  2728   87.296000            9600000  1.4252705549424498E-02
  2759   88.288000            9600000  1.4252052386183774E-02
  2790   89.280000            9600000  1.4252030764676668E-02
  2821   90.272000            9600000  1.4252577414563100E-02
  2852   91.264000            9600000  1.4251928317689053E-02
  2883   92.256000            9600000  1.4251966956325241E-02
  2914   93.248000            9600000  1.4252488795877611E-02
  2945   94.240000            9600000  1.4251898622891241E-02
  2976   95.232000            9600000  1.4252086379209109E-02
  3007   96.224000            9600000  1.4252642742023256E-02
  3038   97.216000            9600000  1.4252183057815811E-02
  3069   98.208000            9600000  1.4252376241541971E-02
  3100   99.200000            9600000  1.4252758223154059E-02
